  -5.000000006799999E-01   1.366565553000000E-01   1.009465568300000E+00   3.940440596500000E-01   8.012310125400000E-07  -5.945282161500000E-02
  -5.009503208700000E-01   1.366590308600000E-01   1.009461670700000E+00   3.940427690000000E-01   8.012211854700000E-07  -5.945543270600000E-02
  -5.023758562200000E-01   1.366627460200000E-01   1.009757880000000E+00   3.940995433300000E-01   2.103062040400000E-06  -5.945934213200000E-02
  -5.045230163100000E-01   1.366683699000000E-01   1.009771310200000E+00   3.942111869100000E-01   7.526066418600000E-06  -5.946521397000000E-02
  -5.068769854900000E-01   1.366745689900000E-01   1.009824988500000E+00   3.940737872900000E-01   2.125700116500000E-05  -5.947162833600000E-02
  -5.104104957600000E-01   1.366839353900000E-01   1.009720184600000E+00   3.941851537700000E-01   3.915747048600000E-05  -5.948121143700000E-02
  -5.157035578700000E-01   1.366980961800000E-01   1.009795855600000E+00   3.940777828500000E-01   5.721758881200000E-05  -5.949546417400000E-02
  -5.236424239200000E-01   1.367196060400000E-01   1.009820180400000E+00   3.940331682600000E-01   3.964629652800000E-05  -5.951660994200000E-02
  -5.331459581900000E-01   1.367458330900000E-01   1.009620364000000E+00   3.938454999300000E-01   6.190849884000001E-05  -5.954155574600000E-02
  -5.426504596500000E-01   1.367725642900000E-01   1.009400428000000E+00   3.941218588200000E-01   1.391875617700000E-06  -5.956609953400000E-02
  -5.521647168000000E-01   1.367997866300000E-01   1.009484253900000E+00   3.938314451600000E-01   1.290316859500000E-06  -5.959026001700000E-02
  -5.616687725700000E-01   1.368275068400000E-01   1.009387733300000E+00   3.940465394100000E-01   7.607772220900000E-06  -5.961398267500000E-02
  -5.711731740500000E-01   1.368557377400000E-01   1.009722793800000E+00   3.941202732100000E-01   2.130178139000000E-05  -5.963729070200000E-02
  -5.806763983900000E-01   1.368844817000000E-01   1.009583380100000E+00   3.938460965500000E-01   4.398696564100000E-05  -5.966017647500000E-02
  -5.901811432600000E-01   1.369137390200000E-01   1.009657088400000E+00   3.940077056500000E-01   2.365907536700000E-06  -5.968264278100000E-02
  -5.996881027500000E-01   1.369434990200000E-01   1.009797027300000E+00   3.940929982700000E-01   6.224263156400000E-06  -5.970468714800000E-02
  -6.000000335100000E-01   1.369444818900000E-01   1.009826025200000E+00   3.940664492600000E-01   1.502985059600000E-05  -5.970540310300000E-02
  -6.095032738700000E-01   1.369747767100000E-01   1.009492239500000E+00   3.937609883800000E-01   3.306510341900000E-05  -5.972699387100000E-02
  -6.190074137000000E-01   1.370055863700000E-01   1.009613941700000E+00   3.940745684500000E-01   1.187473972500000E-05  -5.974815188400000E-02
  -6.285113387600000E-01   1.370369204000000E-01   1.009616790300000E+00   3.938424811300000E-01   2.835038174400000E-05  -5.976887083800000E-02
  -6.380139064500000E-01   1.370687822200000E-01   1.009732622000000E+00   3.938836425700000E-01   1.159781841700000E-06  -5.978914417200000E-02
  -6.475205447000000E-01   1.371011591100000E-01   1.009705857800000E+00   3.939850792000000E-01   1.203706334900000E-06  -5.980897974800000E-02
  -6.570286183700000E-01   1.371340727200000E-01   1.009778503800000E+00   3.940038894500000E-01   4.061044523600000E-06  -5.982836773100000E-02
  -6.665319803500001E-01   1.371675039600000E-01   1.009358820700000E+00   3.937676453900000E-01   1.454700985800000E-05  -5.984729179300000E-02
  -6.760366346000000E-01   1.372014748300000E-01   1.009787600300000E+00   3.939974293300000E-01   2.674316774200000E-05  -5.986576017300000E-02
  -6.855398399000000E-01   1.372359838200000E-01   1.009715481200000E+00   3.937159302500000E-01   4.909429129600000E-05  -5.988376371200000E-02
  -6.950445883800001E-01   1.372710427900000E-01   1.009792103600000E+00   3.939170610000000E-01   1.299978037600000E-06  -5.990130378100000E-02
  -7.045605553299999E-01   1.373066500500000E-01   1.009815448800000E+00   3.938860198900000E-01   1.367836679000000E-06  -5.991839375700000E-02
  -7.140644851100000E-01   1.373427698800000E-01   1.009573532500000E+00   3.938396557800000E-01   5.373369329900000E-06  -5.993498771100000E-02
  -7.235686590100000E-01   1.373794412900000E-01   1.009631705200000E+00   3.939122655700000E-01   1.646813798400000E-05  -5.995110409800000E-02
  -7.330731491700000E-01   1.374166664500000E-01   1.009407251500000E+00   3.938516583000000E-01   2.979561940400000E-05  -5.996673875200000E-02
  -7.425763689800000E-01   1.374544404900000E-01   1.009687933600000E+00   3.936893446400000E-01   4.205200598100000E-05  -5.998188532400000E-02
  -7.520798497500000E-01   1.374927641800000E-01   1.009571128300000E+00   3.935838722600000E-01   2.985076015200000E-05  -5.999654213100000E-02
  -7.615830362900000E-01   1.375316545700000E-01   1.009795803900000E+00   3.936306973900000E-01   4.670092457700000E-05  -6.001070460000000E-02
  -7.710889327000000E-01   1.375711242000000E-01   1.009701092300000E+00   3.937973735800000E-01   1.224761467100000E-06  -6.002437240100000E-02
  -7.805997492200000E-01   1.376111532300000E-01   1.009667368500000E+00   3.938638314900000E-01   2.038057444700000E-06  -6.003754462300000E-02
  -7.901060457300000E-01   1.376517420300000E-01   1.009645186500000E+00   3.938493087800000E-01   6.801443234800000E-06  -6.005020378900000E-02
  -7.996093722600000E-01   1.376928947900000E-01   1.009671748500000E+00   3.937277124500000E-01   1.954044849800000E-05  -6.006234847400000E-02
  -8.091133081100000E-01   1.377346255400000E-01   1.009636637600000E+00   3.937682763400000E-01   1.758736913300000E-05  -6.007397907200000E-02
  -8.186163242300000E-01   1.377769390700000E-01   1.009406628200000E+00   3.937519408300000E-01   3.933354639100000E-05  -6.008509047300000E-02
  -8.281188187500000E-01   1.378198390500000E-01   1.009780354100000E+00   3.936008708200000E-01   1.759486805200000E-06  -6.009567813800000E-02
  -8.376355437700000E-01   1.378633663000000E-01   1.009772391000000E+00   3.935426432600000E-01   6.260810701100000E-07  -6.010575394400000E-02
  -8.471431728200000E-01   1.379074465100000E-01   1.009627282000000E+00   3.937697295500000E-01   1.225764264500000E-06  -6.011528833200000E-02
  -8.566471682500000E-01   1.379521070600000E-01   1.009738452200000E+00   3.936890795200000E-01   6.031872078800000E-06  -6.012428385300000E-02
  -8.661517183800000E-01   1.379973715700000E-01   1.009759364600000E+00   3.936641242600000E-01   1.704043003800000E-05  -6.013274044000000E-02
  -8.756549608000000E-01   1.380432337600000E-01   1.009748141700000E+00   3.935080452100000E-01   2.771998955500000E-05  -6.014065235900000E-02
  -8.851570247000000E-01   1.380896957000000E-01   1.009575387500000E+00   3.934496005200000E-01   3.328417442500000E-05  -6.014801574300000E-02
  -8.946589558300000E-01   1.381367675500000E-01   1.009513133500000E+00   3.934607654900000E-01   3.916266672200000E-05  -6.015482756500000E-02
  -9.041616822500000E-01   1.381844538300000E-01   1.009376634800000E+00   3.933836729800000E-01   1.688133637400000E-05  -6.016108385700000E-02
  -9.136641205900000E-01   1.382327605900000E-01   1.009749112800000E+00   3.936365925700000E-01   3.123978601400000E-05  -6.016678028800000E-02
  -9.231674009400000E-01   1.382817040000000E-01   1.009573675200000E+00   3.933944573500000E-01   1.015277572400000E-06  -6.017191294200000E-02
  -9.326766043300000E-01   1.383312854600000E-01   1.009626702300000E+00   3.935454738700000E-01   1.401853006200000E-06  -6.017647962000000E-02
  -9.421844940400000E-01   1.383814985800000E-01   1.009738428300000E+00   3.936158243900000E-01   5.895289385300000E-06  -6.018047248800000E-02
  -9.516867768500000E-01   1.384323229500000E-01   1.009480571000000E+00   3.934263542900000E-01   1.697774094200000E-05  -6.018388605000000E-02
  -9.611888272000000E-01   1.384837888000000E-01   1.009709757300000E+00   3.935821621400000E-01   8.118962100999999E-06  -6.018671843500000E-02
  -9.706905710800000E-01   1.385359003000000E-01   1.009694901800000E+00   3.935877746100000E-01   2.242326304600000E-05  -6.018896607600000E-02
  -9.801933228000000E-01   1.385886736800000E-01   1.009519818700000E+00   3.935726419800000E-01   1.316966983300000E-06  -6.019062420400000E-02
  -9.897017508300000E-01   1.386421270200000E-01   1.009399256600000E+00   3.932732414200000E-01   4.794891205600000E-07  -6.019168937800000E-02
  -9.992114672000000E-01   1.386962466300000E-01   1.009465803200000E+00   3.934088074300000E-01   1.355241705400000E-06  -6.019215606000000E-02
  -1.008714704200000E+00   1.387509990200000E-01   1.009449125500000E+00   3.934744035400000E-01   7.334420642100000E-06  -6.019202010200000E-02
  -1.018216012300000E+00   1.388064144900000E-01   1.009660075600000E+00   3.933970979800000E-01   1.354561293800000E-05  -6.019127780700000E-02
  -1.027716029600000E+00   1.388625053000000E-01   1.009637128700000E+00   3.934986802300000E-01   3.199814333300000E-05  -6.018992587500000E-02
  -1.037213916500000E+00   1.389192734300000E-01   1.009500436000000E+00   3.932058227400000E-01   1.446176118800000E-06  -6.018795990300000E-02
  -1.046734758900000E+00   1.389768493400000E-01   1.009224513400000E+00   3.933327055300000E-01   5.021047831900000E-07  -6.018536897800000E-02
  -1.056242432800000E+00   1.390350449700000E-01   1.009669423500000E+00   3.934436774700000E-01   1.622078940900000E-06  -6.018215741700000E-02
  -1.065744825100000E+00   1.390939114800000E-01   1.009583654800000E+00   3.932156193800000E-01   8.083306348100000E-06  -6.017832026900000E-02
  -1.075245606400000E+00   1.391534771600000E-01   1.009462152000000E+00   3.933598650200000E-01   8.177990050799999E-06  -6.017385232400000E-02
  -1.084743962000000E+00   1.392137432600000E-01   1.009491918500000E+00   3.934064340300000E-01   2.419983553500000E-05  -6.016875081600000E-02
  -1.094245450200000E+00   1.392747508300000E-01   1.009594625800000E+00   3.933846618800000E-01   1.670432928600000E-06  -6.016300772200000E-02
  -1.103756487800000E+00   1.393365387200000E-01   1.009301241700000E+00   3.933302678800000E-01   4.443181682300000E-07  -6.015661429100000E-02
  -1.113264462400000E+00   1.393990368900000E-01   1.009631848300000E+00   3.933424514700000E-01   1.073438136200000E-06  -6.014957380300000E-02
  -1.122766033600000E+00   1.394622340200000E-01   1.009598621700000E+00   3.930946011600000E-01   6.494549546000000E-06  -6.014188567400000E-02
  -1.132267664000000E+00   1.395261811800000E-01   1.009261640900000E+00   3.931669049800000E-01   2.080247892800000E-06  -6.013354077200000E-02
  -1.141765035600000E+00   1.395908491600000E-01   1.009210667500000E+00   3.932786386300000E-01   2.176778206600000E-06  -6.012454019800000E-02
  -1.151262877000000E+00   1.396562809100000E-01   1.009531887400000E+00   3.930535589600000E-01   2.909398854500000E-06  -6.011487434300000E-02
  -1.160759030900000E+00   1.397224642000000E-01   1.009283251600000E+00   3.932777917000000E-01   4.571969050000000E-06  -6.010454279900000E-02
  -1.170253715400000E+00   1.397894118900000E-01   1.009454801600000E+00   3.931229074500000E-01   1.212321484900000E-05  -6.009354050600000E-02
  -1.179747868800000E+00   1.398571369300000E-01   1.009565962800000E+00   3.932427942700000E-01   1.614652901700000E-05  -6.008186259400000E-02
  -1.189241236400000E+00   1.399256443200000E-01   1.009446317700000E+00   3.932220525500000E-01   1.928631305500000E-05  -6.006950599800000E-02
  -1.198734940100000E+00   1.399949509100000E-01   1.009549938200000E+00   3.931142893100000E-01   1.110921003700000E-05  -6.005646474200000E-02
  -1.208227860000000E+00   1.400650539100000E-01   1.009306490400000E+00   3.931802911800000E-01   1.874373431700000E-05  -6.004273642500000E-02
  -1.217722431700000E+00   1.401359879100000E-01   1.009211859400000E+00   3.930983788700000E-01   8.878865942900000E-07  -6.002831373700000E-02
  -1.227221388400000E+00   1.402077617200000E-01   1.009433430800000E+00   3.931373060400000E-01   2.572073495100000E-06  -6.001318739200000E-02
  -1.236722264700000E+00   1.402803874100000E-01   1.009515953300000E+00   3.930193900000000E-01   4.405724124500000E-07  -5.999735629700000E-02
  -1.246216382700000E+00   1.403537967700000E-01   1.009081326500000E+00   3.931134402100000E-01   8.892963945900000E-07  -5.998083225100000E-02
  -1.255706805200000E+00   1.404280271000000E-01   1.009325670100000E+00   3.930525784300000E-01   3.458137209900000E-06  -5.996360598200000E-02
  -1.265196474300000E+00   1.405031066300000E-01   1.009284600300000E+00   3.930685457900000E-01   1.348022274300000E-06  -5.994566998500000E-02
  -1.274686441200000E+00   1.405790478400000E-01   1.009472010600000E+00   3.928352802200000E-01   6.636592690400000E-06  -5.992701752100000E-02
  -1.284177916000000E+00   1.406558794800000E-01   1.009439685800000E+00   3.927721948200000E-01   1.857898374700000E-06  -5.990764196600000E-02
  -1.293665129900000E+00   1.407335548700000E-01   1.009371058500000E+00   3.929711064400000E-01   5.713106110500000E-06  -5.988755237200000E-02
  -1.303152632500000E+00   1.408121296900000E-01   1.009328787900000E+00   3.930224964000000E-01   3.669855928800000E-06  -5.986673415100000E-02
  -1.312638882800000E+00   1.408915954500000E-01   1.009118329400000E+00   3.930058600500000E-01   3.295921912500000E-07  -5.984518865500000E-02
  -1.322127104100000E+00   1.409719850200000E-01   1.009210778900000E+00   3.929683928300000E-01   1.843079161600000E-06  -5.982290352900000E-02
  -1.331613377600000E+00   1.410532833500000E-01   1.009360599000000E+00   3.929225100200000E-01   5.026505913400000E-06  -5.979988427000000E-02
  -1.341095596200000E+00   1.411354821600000E-01   1.009253506100000E+00   3.929524098300000E-01   1.464621758700000E-05  -5.977613324100000E-02
  -1.350576479000000E+00   1.412186189500000E-01   1.009017932300000E+00   3.929241862000000E-01   8.622827765200000E-07  -5.975163993300000E-02
  -1.360074800200000E+00   1.413028553600000E-01   1.009394800000000E+00   3.927714514700000E-01   3.966352106300000E-07  -5.972635077000000E-02
  -1.369566607900000E+00   1.413880036600000E-01   1.008988055000000E+00   3.928732663800000E-01   2.893543913700000E-06  -5.970032395700000E-02
  -1.379047917900000E+00   1.414740389600000E-01   1.009332258700000E+00   3.928601123100000E-01   2.867842338100000E-06  -5.967356935200000E-02
  -1.388523779800000E+00   1.415610139100000E-01   1.009352653600000E+00   3.928105119100000E-01   1.158491286700000E-05  -5.964607061300000E-02
  -1.398005169900000E+00   1.416490454300000E-01   1.009337668200000E+00   3.926096305800000E-01   8.535817465900000E-07  -5.961779178300000E-02
  -1.407509245700000E+00   1.417383004800000E-01   1.009281862900000E+00   3.926781019500000E-01   2.329751067300000E-07  -5.958867563600000E-02
  -1.416993353300000E+00   1.418283963200000E-01   1.009136541500000E+00   3.926228363000000E-01   1.361997591000000E-06  -5.955884831200000E-02
  -1.426465824000000E+00   1.419194221700000E-01   1.009198139200000E+00   3.927490211400000E-01   2.918857937000000E-06  -5.952828393500000E-02
  -1.435934678200000E+00   1.420114663300000E-01   1.009295763000000E+00   3.927591224300000E-01   1.113161621900000E-05  -5.949695515600000E-02
  -1.445405067800000E+00   1.421045946200000E-01   1.008950252800000E+00   3.926962298500000E-01   7.009566839800000E-07  -5.946484131500000E-02
  -1.454908877500000E+00   1.421991300900000E-01   1.009259281200000E+00   3.926699299600000E-01   2.293594746400000E-07  -5.943182738300000E-02
  -1.464390165300000E+00   1.422945382600000E-01   1.009122766300000E+00   3.926751410000000E-01   1.743411759300000E-06  -5.939810215600000E-02
  -1.473857854700000E+00   1.423909211600000E-01   1.009190832500000E+00   3.926826603200000E-01   9.930858639199999E-07  -5.936363549700000E-02
  -1.483318836100000E+00   1.424883560700000E-01   1.008893092900000E+00   3.925787516000000E-01   4.493215097700000E-06  -5.932840138100000E-02
  -1.492782738900000E+00   1.425869609400000E-01   1.009036950700000E+00   3.926537920700000E-01   1.872161613000000E-06  -5.929236073900000E-02
  -1.502240410700000E+00   1.426866511400000E-01   1.009206393200000E+00   3.924570782800000E-01   2.156342003700000E-07  -5.925554665900000E-02
  -1.511702256600000E+00   1.427875510200000E-01   1.009124858600000E+00   3.925550830600000E-01   1.592529383100000E-06  -5.921791486900000E-02
  -1.521166049400000E+00   1.428896608500000E-01   1.009151885500000E+00   3.925871037000000E-01   4.566715885600000E-07  -5.917947056500000E-02
  -1.530619479300000E+00   1.429928567400000E-01   1.009010155800000E+00   3.923859545300000E-01   7.238799162300000E-07  -5.914026193300000E-02
  -1.540070338800000E+00   1.430972458300000E-01   1.008937273200000E+00   3.925170038900000E-01   5.968482005700000E-07  -5.910025459500000E-02
  -1.549517567000000E+00   1.432028231700000E-01   1.009097650300000E+00   3.925282318600000E-01   1.655802515000000E-06  -5.905945221500000E-02
  -1.558962870700000E+00   1.433096348800000E-01   1.008943430700000E+00   3.923606301000000E-01   3.540473759900000E-07  -5.901784371400000E-02
  -1.568418578100000E+00   1.434178331000000E-01   1.009045361400000E+00   3.923519573000000E-01   1.081963945400000E-07  -5.897537213700000E-02
  -1.577858896900000E+00   1.435271430200000E-01   1.009084700000000E+00   3.924770421100000E-01   9.006712121300000E-07  -5.893215017000000E-02
  -1.587294280400000E+00   1.436377039700000E-01   1.008679699900000E+00   3.924167925400000E-01   5.328127158000000E-06  -5.888813025400000E-02
  -1.596733612700000E+00   1.437496415600000E-01   1.008821152200000E+00   3.923563737500000E-01   4.342692866300000E-07  -5.884326805200000E-02
  -1.606179100200000E+00   1.438629968900000E-01   1.008886245100000E+00   3.922092369800000E-01   1.358788251300000E-07  -5.879754992100000E-02
  -1.615615378500000E+00   1.439776095700000E-01   1.008953412600000E+00   3.922119535800000E-01   1.296158811700000E-06  -5.875104722800000E-02
  -1.625041459400000E+00   1.440934878500000E-01   1.008857031400000E+00   3.921379189700000E-01   2.587068161000000E-06  -5.870376527400000E-02
  -1.634461843000000E+00   1.442107046200000E-01   1.008928755200000E+00   3.922628257200000E-01   3.546124857900000E-06  -5.865568097400000E-02
  -1.643879063500000E+00   1.443293125100000E-01   1.008979876600000E+00   3.922523843000000E-01   3.547268905900000E-06  -5.860678016200000E-02
  -1.653292285500000E+00   1.444493219800000E-01   1.008941066900000E+00   3.922692544500000E-01   4.006642370900000E-06  -5.855706586100000E-02
  -1.662704033700000E+00   1.445707889100000E-01   1.008950063200000E+00   3.921883341000000E-01   1.837568514000000E-06  -5.850652323100000E-02
  -1.672112039600000E+00   1.446937049800000E-01   1.008700189800000E+00   3.922682906500000E-01   3.535312822800000E-06  -5.845516300500000E-02
  -1.681524900100000E+00   1.448182131400000E-01   1.008716245800000E+00   3.921362562300000E-01   4.179595369900000E-07  -5.840293574000000E-02
  -1.690932022200000E+00   1.449441911200000E-01   1.008667485300000E+00   3.921921573500000E-01   1.236714623800000E-06  -5.834989896800000E-02
  -1.700329709000000E+00   1.450716229200000E-01   1.008558739700000E+00   3.920791019700000E-01   2.035488253100000E-07  -5.829607245900000E-02
  -1.709739979600000E+00   1.452008282200000E-01   1.008547198300000E+00   3.921858936700000E-01   7.689241316200000E-08  -5.824132898100000E-02
  -1.719129795100000E+00   1.453313830800000E-01   1.008580365300000E+00   3.919702431200000E-01   1.288888702200000E-07  -5.818585914100000E-02
  -1.728511103500000E+00   1.454634737000000E-01   1.008831210100000E+00   3.920723025700000E-01   1.754578238500000E-07  -5.812959509900000E-02
  -1.737888805400000E+00   1.455972001400000E-01   1.008812471700000E+00   3.919227653500000E-01   1.645604893400000E-08  -5.807250657300000E-02
  -1.747257945000000E+00   1.457325106900000E-01   1.008666554200000E+00   3.919999952500000E-01   1.543582853600000E-07  -5.801462552200000E-02
  -1.756625429800000E+00   1.458695467900000E-01   1.008708703300000E+00   3.919101163500000E-01   2.059566197700000E-08  -5.795590665200000E-02
  -1.765983696000000E+00   1.460082130200000E-01   1.008702030900000E+00   3.919436294000000E-01   1.605082003300000E-07  -5.789640030100000E-02
  -1.775339361300000E+00   1.461486524700000E-01   1.008504160900000E+00   3.918282415100000E-01   2.985769686300000E-08  -5.783606185500000E-02
  -1.784688761600000E+00   1.462908287600000E-01   1.008722585300000E+00   3.918517231200000E-01   1.592415147400000E-07  -5.777491755300000E-02
  -1.794030661100000E+00   1.464347675000000E-01   1.008516704800000E+00   3.919336270500000E-01   6.473264622600000E-08  -5.771297375000000E-02
  -1.803364308900000E+00   1.465804766400000E-01   1.008667002300000E+00   3.919224675700000E-01   1.703553387200000E-07  -5.765023901700000E-02
  -1.812689990500000E+00   1.467280053500000E-01   1.008599571700000E+00   3.919107772300000E-01   2.988956339300000E-07  -5.758671038700000E-02
  -1.822006230900000E+00   1.468773559200000E-01   1.008515145100000E+00   3.919263419100000E-01   1.681713004000000E-07  -5.752240112000000E-02
  -1.831315644400000E+00   1.470286122600000E-01   1.008569946900000E+00   3.919030567000000E-01   2.196738594800000E-07  -5.745729325900000E-02
  -1.840617108000000E+00   1.471817879600000E-01   1.008607531100000E+00   3.918787930200000E-01   8.887497812000000E-08  -5.739139706700000E-02
  -1.849909426800000E+00   1.473369022700000E-01   1.008514971600000E+00   3.918543131100000E-01   1.483322773000000E-07  -5.732472218900000E-02
  -1.859190658200000E+00   1.474939582600000E-01   1.008535162000000E+00   3.918207032500000E-01   1.685332636900000E-07  -5.725728556600000E-02
  -1.868462868900000E+00   1.476530365600000E-01   1.008526538200000E+00   3.917876120600000E-01   1.020147690700000E-07  -5.718907334200000E-02
  -1.877724637400000E+00   1.478141444600000E-01   1.008514480100000E+00   3.917909274400000E-01   1.353774890200000E-07  -5.712009981800000E-02
  -1.886976599300000E+00   1.479773423600000E-01   1.008494370400000E+00   3.917267290900000E-01   1.907698854300000E-07  -5.705036128600000E-02
  -1.896215449100000E+00   1.481426072800000E-01   1.008481948600000E+00   3.917445141800000E-01   1.393775275200000E-07  -5.697988731300000E-02
  -1.905443531800000E+00   1.483100315200000E-01   1.008315186500000E+00   3.917134822300000E-01   1.859692749100000E-07  -5.690866175900000E-02
  -1.914658314900000E+00   1.484796058900000E-01   1.008415394900000E+00   3.917013230500000E-01   1.139578845000000E-07  -5.683670923300000E-02
  -1.923860671300000E+00   1.486514004600000E-01   1.008200925300000E+00   3.916649609100000E-01   1.570122722300000E-07  -5.676402500400000E-02
  -1.933047667800000E+00   1.488253988800000E-01   1.008369703300000E+00   3.916547139000000E-01   1.239507771700000E-07  -5.669063803300000E-02
  -1.942222227800000E+00   1.490017127100000E-01   1.008277522400000E+00   3.915749802200000E-01   1.046649623100000E-07  -5.661652764300000E-02
  -1.951379090300000E+00   1.491802838000000E-01   1.008307149600000E+00   3.916097373900000E-01   1.026994421200000E-07  -5.654174220800000E-02
  -1.960522542600000E+00   1.493612497400000E-01   1.008232964900000E+00   3.915177172900000E-01   8.791280780700000E-08  -5.646625080800000E-02
  -1.969646005600000E+00   1.495445280400000E-01   1.008290836900000E+00   3.915566105300000E-01   8.912311211000001E-08  -5.639011391300000E-02
  -1.978753815600000E+00   1.497302637300000E-01   1.008221088700000E+00   3.914237843400000E-01   9.209780218300000E-08  -5.631329998300000E-02
  -1.987839505800000E+00   1.499183732100000E-01   1.008274014900000E+00   3.914863133600000E-01   8.514053720100000E-08  -5.623587072800000E-02
  -1.996907571200000E+00   1.501090097600000E-01   1.008199101100000E+00   3.913218911400000E-01   7.001880601999999E-08  -5.615779313100000E-02
  -2.005951520900000E+00   1.503020870700000E-01   1.008223394200000E+00   3.914001558700000E-01   7.125392394800000E-08  -5.607913108200000E-02
  -2.014974907100000E+00   1.504977433700000E-01   1.007997351800000E+00   3.913524875400000E-01   7.265669772300001E-08  -5.599985974200000E-02
  -2.023971497100000E+00   1.506958966600000E-01   1.008172737100000E+00   3.912862376400000E-01   6.667565805200000E-08  -5.592004284000000E-02
  -2.032944423300000E+00   1.508966787500000E-01   1.007998493500000E+00   3.912612682700000E-01   7.171961640200000E-08  -5.583965951300000E-02
  -2.041888234600000E+00   1.511000231500000E-01   1.008112580400000E+00   3.911986933500000E-01   5.769713126400000E-08  -5.575876842900000E-02
  -2.050804416900000E+00   1.513060279900000E-01   1.007775387100000E+00   3.912899696100000E-01   7.117363304900000E-08  -5.567736411000000E-02
  -2.059688977000000E+00   1.515146586500000E-01   1.008075383500000E+00   3.911781601700000E-01   3.535554027400000E-08  -5.559549370500000E-02
  -2.068543660300000E+00   1.517260217700000E-01   1.007793776600000E+00   3.912891933800000E-01   4.597478829600000E-08  -5.551315000100000E-02
  -2.077361044700000E+00   1.519399998600000E-01   1.008045309600000E+00   3.911357758100000E-01   2.317736294100000E-08  -5.543041358400000E-02
  -2.086149284700000E+00   1.521568578300000E-01   1.007951764300000E+00   3.912599322700000E-01   2.388033992100000E-08  -5.534721785200000E-02
  -2.094898354800000E+00   1.523764143300000E-01   1.007984120800000E+00   3.911233197700000E-01   1.578158824200000E-08  -5.526366908800000E-02
  -2.103600374400000E+00   1.525985302500000E-01   1.007981803100000E+00   3.912170609100000E-01   2.106345499400000E-08  -5.517985556200000E-02
  -2.112261151800000E+00   1.528234141100000E-01   1.007790352500000E+00   3.911588238000000E-01   3.705310540200000E-08  -5.509573449800000E-02
  -2.120877717700000E+00   1.530510526100000E-01   1.007496730100000E+00   3.911024554600000E-01   3.774502166000000E-08  -5.501134843700000E-02
  -2.122031103400000E+00   1.530818253700000E-01   1.007762918700000E+00   3.911541901100000E-01   6.146768167700000E-08  -5.499999995000000E-02
  -2.130581986500000E+00   1.533122464300000E-01   1.007908579000000E+00   3.911167688200000E-01   6.220722836100000E-08  -5.491548337000000E-02
  -2.139084059300000E+00   1.535454226700000E-01   1.007857719900000E+00   3.911195728800000E-01   8.493887124200000E-08  -5.483077777300000E-02
  -2.147523308100000E+00   1.537810265200000E-01   1.007646957600000E+00   3.910998452400000E-01   7.529665495900000E-08  -5.474603978700000E-02
  -2.155901578500000E+00   1.540191557800000E-01   1.007834953000000E+00   3.910069296200000E-01   9.178952258500000E-08  -5.466126749400000E-02
  -2.164212953300000E+00   1.542596899400000E-01   1.007496719500000E+00   3.910479765700000E-01   8.015260581600000E-08  -5.457653927700000E-02
  -2.172454297800000E+00   1.545025797900000E-01   1.007798270000000E+00   3.909555263000000E-01   8.777897256800000E-08  -5.449190482400000E-02
  -2.180621879100000E+00   1.547477537500000E-01   1.007478434200000E+00   3.910049013500000E-01   8.224804492100000E-08  -5.440742269200000E-02
  -2.188710308900000E+00   1.549950821900000E-01   1.007722947200000E+00   3.908265961700000E-01   8.474565083900000E-08  -5.432316765000000E-02
  -2.196716192300000E+00   1.552444878600000E-01   1.007478908700000E+00   3.909542388500000E-01   8.082654282900001E-08  -5.423919654900000E-02
  -2.204633568200000E+00   1.554958038000000E-01   1.007649633200000E+00   3.907999360200000E-01   8.127742089800000E-08  -5.415559284800000E-02
  -2.212458463600000E+00   1.557489154000000E-01   1.007527392300000E+00   3.908915808700000E-01   7.874711540700000E-08  -5.407242109100000E-02
  -2.220184809200000E+00   1.560036277600000E-01   1.007559503100000E+00   3.907836189600000E-01   7.691542259000000E-08  -5.398976845300000E-02
  -2.227808057000000E+00   1.562597832200000E-01   1.007525177400000E+00   3.908206760400000E-01   7.604135590800000E-08  -5.390770734600000E-02
  -2.235322370800000E+00   1.565171665100000E-01   1.007511411600000E+00   3.907447855000000E-01   7.367260467800000E-08  -5.382632471800000E-02
  -2.242722536400000E+00   1.567755679000000E-01   1.007515861600000E+00   3.907649130300000E-01   7.339664453399999E-08  -5.374570191400000E-02
  -2.250003116500000E+00   1.570347537800000E-01   1.007528436100000E+00   3.907342755400000E-01   7.348768784100000E-08  -5.366592345200000E-02
  -2.257158894600000E+00   1.572944811800000E-01   1.007528029200000E+00   3.907348657400000E-01   7.316549035900000E-08  -5.358707225400000E-02
  -2.264184636600000E+00   1.575544883500000E-01   1.007526640800000E+00   3.907113574800000E-01   7.252924475800000E-08  -5.350923205200000E-02
  -2.271075379900000E+00   1.578145050900000E-01   1.007518461100000E+00   3.906922230900000E-01   7.190596800300000E-08  -5.343248416500000E-02
  -2.277826301200000E+00   1.580742473200000E-01   1.007496907200000E+00   3.906954581500000E-01   7.331233300899999E-08  -5.335690881600000E-02

