  -2.956132481200000E-01   6.687532713500000E-01   7.698586890900000E-01   1.333223318500000E-01  -5.040390311500000E-02  -5.499999996300000E-02
  -2.963684347400000E-01   6.687849553000000E-01   7.653724809700000E-01   1.286201642000000E-01  -5.071424742700000E-02  -5.506266327400000E-02
  -2.977533669400000E-01   6.688365042000000E-01   7.565600607700000E-01   1.194084332600000E-01  -5.130122346100000E-02  -5.517790882800000E-02
  -2.990208553500000E-01   6.688765479500000E-01   7.476415295800000E-01   1.101235156600000E-01  -5.186496835600000E-02  -5.528374527100000E-02
  -3.001653115000000E-01   6.689071088600000E-01   7.386188951600000E-01   1.007680445500000E-01  -5.240462800700000E-02  -5.537960021500000E-02
  -3.011816375500000E-01   6.689299738100000E-01   7.294929865799999E-01   9.134533366900000E-02  -5.291939973100000E-02  -5.546495086700000E-02
  -3.020651978300000E-01   6.689466991600000E-01   7.202665773800000E-01   8.185942776900000E-02  -5.340852976300000E-02  -5.553932254300000E-02
  -3.026254789000000E-01   6.689558287500000E-01   7.134489299600000E-01   7.487783341900001E-02  -5.374991369800000E-02  -5.558656396500000E-02
  -3.030700915600000E-01   6.689622755800000E-01   7.072053175000000E-01   6.850428364199999E-02  -5.404780633900000E-02  -5.562409679200000E-02
  -3.034200177400000E-01   6.689668604500000E-01   7.014916433500000E-01   6.268927933600001E-02  -5.430817909400000E-02  -5.565366380500000E-02
  -3.036927243800000E-01   6.689701387500000E-01   6.962662343400000E-01   5.738651203000000E-02  -5.453613074300000E-02  -5.567672273700000E-02
  -3.039218213400000E-01   6.689726950100000E-01   6.910121151700001E-01   5.206889268700000E-02  -5.475566599400000E-02  -5.569610539100000E-02
  -3.041070583100000E-01   6.689746306300000E-01   6.857288720000000E-01   4.673674262800000E-02  -5.496672611800000E-02  -5.571178471700000E-02
  -3.042481196100000E-01   6.689760265400000E-01   6.804169177500000E-01   4.139114802200000E-02  -5.516922622200000E-02  -5.572372924900000E-02
  -3.043441632500000E-01   6.689769400100000E-01   6.750766300500000E-01   3.603273126300000E-02  -5.536304677500000E-02  -5.573186405000000E-02
  -3.043960882100000E-01   6.689774204700000E-01   6.697077449500000E-01   3.066178500300000E-02  -5.554824577200000E-02  -5.573626278000000E-02
  -3.043585279600000E-01   6.689771769100000E-01   6.679006886700000E-01   2.885356302600000E-02  -5.560463422100000E-02  -5.573308067800000E-02
  -3.043722041100000E-01   6.689771995200000E-01   6.727910496500000E-01   3.374429229700000E-02  -5.544310697300000E-02  -5.573423941700000E-02
  -3.043043439000000E-01   6.689765624700000E-01   6.776583219800000E-01   3.862125621600000E-02  -5.527063694600000E-02  -5.572849117500000E-02
  -3.040558569400000E-01   6.689741073500000E-01   6.873239570200000E-01   4.834509380800000E-02  -5.490401723200000E-02  -5.570745013000000E-02
  -3.036623789100000E-01   6.689697863300000E-01   6.968946821200001E-01   5.802340429000000E-02  -5.450923334900000E-02  -5.567415613600000E-02
  -3.031246663000000E-01   6.689630191800000E-01   7.063687561100001E-01   6.765185901300000E-02  -5.408665902200000E-02  -5.562870650600000E-02
  -3.024455558700000E-01   6.689530201900000E-01   7.157447287399999E-01   7.722607384400000E-02  -5.363685360200000E-02  -5.557138652500000E-02
  -3.016279516400000E-01   6.689387826900000E-01   7.250210490300000E-01   8.674176809700000E-02  -5.316040099400000E-02  -5.550249867400000E-02
  -3.006755988300000E-01   6.689190820399999E-01   7.341962246800000E-01   9.619590070400000E-02  -5.265797952400000E-02  -5.542242747100000E-02
  -2.995928261500000E-01   6.688924708200000E-01   7.432691454300000E-01   1.055848509500000E-01  -5.213033651900000E-02  -5.533161696700000E-02
  -2.983844773400000E-01   6.688572743500000E-01   7.522382825100000E-01   1.149045448300000E-01  -5.157821150100000E-02  -5.523056420200000E-02
  -2.970558995200000E-01   6.688115855400000E-01   7.611026359000000E-01   1.241520625600000E-01  -5.100239819200000E-02  -5.511981734300000E-02
  -2.956132474900000E-01   6.687532713500000E-01   7.698591915400000E-01   1.333226292400000E-01  -5.040390081700000E-02  -5.499999991000000E-02
  -2.952498300600000E-01   6.687370966100000E-01   7.719495699800000E-01   1.355169828600000E-01  -5.025661115700000E-02  -5.496989019400000E-02
  -2.936738728100000E-01   6.686597417500000E-01   7.805749156300000E-01   1.445925771700000E-01  -4.963088591800000E-02  -5.483966892100000E-02
  -2.919982831400000E-01   6.685640308900000E-01   7.890917157300000E-01   1.535867270300000E-01  -4.898426056900000E-02  -5.470185261700000E-02
  -2.902303197000000E-01   6.684469811800000E-01   7.974981869200000E-01   1.624965065800000E-01  -4.831761886200000E-02  -5.455717529600000E-02
  -2.883776438200000E-01   6.683053256300000E-01   8.057950847699999E-01   1.713207424900000E-01  -4.763183971200000E-02  -5.440640728000000E-02
  -2.864482849900000E-01   6.681354975800000E-01   8.139804193900000E-01   1.800550336700000E-01  -4.692776964900000E-02  -5.425035076200000E-02
  -2.844506810800000E-01   6.679336133100000E-01   8.220520915600000E-01   1.886990589300000E-01  -4.620625829900000E-02  -5.408984125500000E-02
  -2.823936641500000E-01   6.676954523500001E-01   8.300098562800000E-01   1.972479500200000E-01  -4.546811251900000E-02  -5.392574438300000E-02
  -2.802865051700000E-01   6.674164360700000E-01   8.378514553700001E-01   2.056982724000000E-01  -4.471414882300000E-02  -5.375895710900000E-02
  -2.781389269400000E-01   6.670916042000000E-01   8.455763802300000E-01   2.140509553100000E-01  -4.394512214900000E-02  -5.359040603800000E-02
  -2.759611691000000E-01   6.667155899700000E-01   8.531806294499999E-01   2.222981164300000E-01  -4.316177977500000E-02  -5.342104935900000E-02
  -2.737640407200000E-01   6.662825940000000E-01   8.606634082300000E-01   2.304387751000000E-01  -4.236482505600000E-02  -5.325187718100000E-02
  -2.715590042500000E-01   6.657863578500000E-01   8.680226810000000E-01   2.384688792000000E-01  -4.155495364000000E-02  -5.308391353200000E-02
  -2.693582686000000E-01   6.652201382000000E-01   8.752561352600000E-01   2.463815498800000E-01  -4.073281667200000E-02  -5.291821808600000E-02
  -2.671749077100000E-01   6.645766831000000E-01   8.823573482000000E-01   2.541747146000000E-01  -3.989904642900000E-02  -5.275588861500000E-02
  -2.650230018400000E-01   6.638482124400000E-01   8.893241579200000E-01   2.618409266600000E-01  -3.905424493600000E-02  -5.259806364400000E-02
  -2.629177947800000E-01   6.630264058000001E-01   8.961516023800000E-01   2.693730679000000E-01  -3.819901222000000E-02  -5.244592444100000E-02
  -2.608758885500000E-01   6.621024013600000E-01   9.028341254400000E-01   2.767658450600000E-01  -3.733395026000000E-02  -5.230069750800000E-02
  -2.589154541300000E-01   6.610668119799999E-01   9.093664639100000E-01   2.840079622800000E-01  -3.645967368200000E-02  -5.216365550700000E-02
  -2.570564751000000E-01   6.599097653900000E-01   9.157420876300000E-01   2.910953460400000E-01  -3.557684152200000E-02  -5.203611729000000E-02
  -2.553210110900000E-01   6.586209788200000E-01   9.219501158700000E-01   2.980122219800000E-01  -3.468603110000000E-02  -5.191944552200000E-02
  -2.537334782100000E-01   6.571898803600000E-01   9.279867685199999E-01   3.047497828000000E-01  -3.378807525300000E-02  -5.181504114300000E-02
  -2.523209319600000E-01   6.556057932900000E-01   9.338415764600000E-01   3.112944615800000E-01  -3.288381939800000E-02  -5.172433322700000E-02
  -2.511133273300000E-01   6.538582023500000E-01   9.395006513700001E-01   3.176326207500000E-01  -3.197426239800000E-02  -5.164876236500000E-02
  -2.501437231200000E-01   6.519371235300000E-01   9.449541615600000E-01   3.237513691700000E-01  -3.106062061600000E-02  -5.158975574300000E-02
  -2.494483721600000E-01   6.498335994500000E-01   9.501870270300000E-01   3.296296292300000E-01  -3.014431470200000E-02  -5.154869137200000E-02
  -2.490666200000000E-01   6.475403378900000E-01   9.551926442200001E-01   3.352554554300000E-01  -2.922726563100000E-02  -5.152684914700000E-02
  -2.490405149400000E-01   6.450524992200000E-01   9.599522734400000E-01   3.406087026200000E-01  -2.831139866900000E-02  -5.152534727100000E-02
  -2.494140068200000E-01   6.423686139300000E-01   9.644513285500000E-01   3.456701601100000E-01  -2.739955154500000E-02  -5.154506357500000E-02
  -2.502316227900000E-01   6.394915720100000E-01   9.686803473500000E-01   3.504232822700000E-01  -2.649473851200000E-02  -5.158654480500000E-02
  -2.515365355700000E-01   6.364295696300000E-01   9.726240394000000E-01   3.548567413400000E-01  -2.560054665800000E-02  -5.164991072200000E-02
  -2.533680613400000E-01   6.331968389200000E-01   9.762777991200000E-01   3.589582410300000E-01  -2.472102473000000E-02  -5.173476684300000E-02
  -2.557587378400000E-01   6.298139390200000E-01   9.796304030200000E-01   3.627180565600000E-01  -2.386052928100000E-02  -5.184014259500000E-02
  -2.587313911600000E-01   6.263073984300001E-01   9.826863223000000E-01   3.661309897900000E-01  -2.302341850000000E-02  -5.196447674200000E-02
  -2.622966976600000E-01   6.227085850400000E-01   9.854439947800000E-01   3.692102598800000E-01  -2.221412261000000E-02  -5.210566470200000E-02
  -2.664518351800000E-01   6.190518658500000E-01   9.879177008800000E-01   3.719584189000000E-01  -2.143653390000000E-02  -5.226117310100000E-02
  -2.711805457400000E-01   6.153723077300000E-01   9.901161456999999E-01   3.743936433700000E-01  -2.069371731700000E-02  -5.242820611800000E-02
  -2.764547125700000E-01   6.117033420700000E-01   9.920644933000000E-01   3.765369306200000E-01  -1.998788829900000E-02  -5.260389809500000E-02
  -2.822370433800000E-01   6.080747953600000E-01   9.937779207500000E-01   3.784196723800000E-01  -1.932046146600000E-02  -5.278549554500000E-02
  -2.884843145900000E-01   6.045115767300000E-01   9.952842310300000E-01   3.800624157300000E-01  -1.869138452500000E-02  -5.297050126400000E-02
  -2.951505668700000E-01   6.010331034000000E-01   9.966010152600000E-01   3.814886973500000E-01  -1.810043944800000E-02  -5.315676523600000E-02
  -3.021898117300000E-01   5.976533700400000E-01   9.977582503900000E-01   3.827336610600000E-01  -1.754599646800000E-02  -5.334252229100000E-02
  -3.095580359200000E-01   5.943814703600000E-01   9.987710792700000E-01   3.838206825100000E-01  -1.702668335800000E-02  -5.352638680100000E-02
  -3.172144836200000E-01   5.912223604500000E-01   9.996602414800000E-01   3.847646958400000E-01  -1.654014212400000E-02  -5.370731880200000E-02
  -3.251223256600000E-01   5.881776946000000E-01   1.000440784500000E+00   3.855869903800000E-01  -1.608440257700000E-02  -5.388457531700000E-02
  -3.332488713500000E-01   5.852466211800000E-01   1.001130313600000E+00   3.863115326100000E-01  -1.565714720400000E-02  -5.405765738800000E-02
  -3.415654674100000E-01   5.824264715600000E-01   1.001740727100000E+00   3.869442650600000E-01  -1.525607231400000E-02  -5.422625933800000E-02
  -3.500472222800000E-01   5.797133294700000E-01   1.002281537000000E+00   3.875022884900000E-01  -1.487925348500000E-02  -5.439022411000000E-02
  -3.586726373600000E-01   5.771024765100000E-01   1.002766174600000E+00   3.879943344500000E-01  -1.452445357400000E-02  -5.454950577600000E-02
  -3.674232069200000E-01   5.745887270100000E-01   1.003196326400000E+00   3.884316873800000E-01  -1.418998873400000E-02  -5.470413921500000E-02
  -3.762830313600000E-01   5.721666741800000E-01   1.003584678300000E+00   3.888183585000000E-01  -1.387413751100000E-02  -5.485421637200000E-02
  -3.852467425500000E-01   5.698287569700000E-01   1.003935584800000E+00   3.891639863100000E-01  -1.357486510700000E-02  -5.500000009500000E-02
  -3.916185374800000E-01   5.682292202900000E-01   1.004160466200000E+00   3.893878776700000E-01  -1.337340337500000E-02  -5.510021637500000E-02
  -4.007108809300000E-01   5.660283010400000E-01   1.004451972400000E+00   3.896704025700000E-01  -1.310019628100000E-02  -5.523868209000000E-02
  -4.098706770600000E-01   5.638994905400000E-01   1.004720308000000E+00   3.899319673800000E-01  -1.284042837500000E-02  -5.537317285300000E-02
  -4.190900623000000E-01   5.618379532300000E-01   1.004963604800000E+00   3.901648442800000E-01  -1.259297225400000E-02  -5.550386765900000E-02
  -4.283622251000000E-01   5.598391034000000E-01   1.005187464900000E+00   3.903756293400000E-01  -1.235668366500000E-02  -5.563094436400000E-02
  -4.376812480700000E-01   5.578986108800000E-01   1.005391149500000E+00   3.905659565900000E-01  -1.213094412800000E-02  -5.575457672800000E-02
  -4.470419751600000E-01   5.560123992700000E-01   1.005580907700000E+00   3.907405263900000E-01  -1.191450019800000E-02  -5.587493243500000E-02
  -4.564398991100000E-01   5.541766378600000E-01   1.005754975300000E+00   3.908979357800000E-01  -1.170698354000000E-02  -5.599217180800000E-02
  -4.658710678700000E-01   5.523877323000000E-01   1.005915519300000E+00   3.910439688500000E-01  -1.150751796900000E-02  -5.610644706400000E-02
  -4.753320040200000E-01   5.506423104500000E-01   1.006066954300000E+00   3.911778924200000E-01  -1.131544828700000E-02  -5.621790192000000E-02
  -4.848196378400000E-01   5.489372090900000E-01   1.006204746300000E+00   3.912989768100000E-01  -1.113040598900000E-02  -5.632667148300000E-02
  -4.943312505300000E-01   5.472694601400000E-01   1.006336780400000E+00   3.914088946700000E-01  -1.095150659600000E-02  -5.643288232300000E-02
  -5.038644255700000E-01   5.456362759700000E-01   1.006459820700000E+00   3.915168356400000E-01  -1.077859115000000E-02  -5.653665266800000E-02
  -5.134170082700000E-01   5.440350366900000E-01   1.006572224500000E+00   3.916112516900000E-01  -1.061110617200000E-02  -5.663809269400000E-02
  -5.229870705100000E-01   5.424632766400000E-01   1.006678990900000E+00   3.917012629700000E-01  -1.044855920100000E-02  -5.673730486100000E-02
  -5.325728809400000E-01   5.409186721100000E-01   1.006777821600000E+00   3.917847781700000E-01  -1.029078174600000E-02  -5.683438427900000E-02
  -5.421728792500000E-01   5.393990293900000E-01   1.006874323500000E+00   3.918609076100000E-01  -1.013717424500000E-02  -5.692941908700000E-02
  -5.517856548300000E-01   5.379022752700000E-01   1.006965515500000E+00   3.919288044000000E-01  -9.987580161400000E-03  -5.702249084000000E-02
  -5.614099269900000E-01   5.364264451700000E-01   1.007052149200000E+00   3.919997244800000E-01  -9.841765958700000E-03  -5.711367488300000E-02
  -5.710445295200000E-01   5.349696758100000E-01   1.007132015700000E+00   3.920614381600000E-01  -9.699129639900000E-03  -5.720304071400000E-02
  -5.806883957500000E-01   5.335301949000000E-01   1.007209860300000E+00   3.921176574300000E-01  -9.559720501200001E-03  -5.729065233300000E-02
  -5.903405472400000E-01   5.321063135200000E-01   1.007283641900000E+00   3.921734724600000E-01  -9.423361287200000E-03  -5.737656858100000E-02
  -6.000000335300000E-01   5.306964268200000E-01   1.007351694400000E+00   3.922250395600000E-01  -9.289418629200000E-03  -5.746084302000000E-02
  -6.096660677300000E-01   5.292989848200000E-01   1.007418198200000E+00   3.922762659100000E-01  -9.158036285700000E-03  -5.754352550200000E-02
  -6.193379259100000E-01   5.279125005600001E-01   1.007484173500000E+00   3.923224090300000E-01  -9.029064621600000E-03  -5.762466159100000E-02
  -6.290148281800000E-01   5.265355594800000E-01   1.007546716300000E+00   3.923643605100000E-01  -8.901940149600000E-03  -5.770429191200000E-02
  -6.386960963600000E-01   5.251667915800000E-01   1.007605339700000E+00   3.924024418600000E-01  -8.776860359300000E-03  -5.778245378600000E-02
  -6.483810901200000E-01   5.238048724900000E-01   1.007662883400000E+00   3.924433465600000E-01  -8.653535901300000E-03  -5.785918095200000E-02
  -6.580692039800000E-01   5.224485215500000E-01   1.007717764800000E+00   3.924815798300000E-01  -8.531699192600000E-03  -5.793450378900000E-02
  -6.677598614300000E-01   5.210964947400000E-01   1.007766566400000E+00   3.925162756000000E-01  -8.411502717200000E-03  -5.800844950200000E-02
  -6.774525114900000E-01   5.197475821899999E-01   1.007822207900000E+00   3.925491994400000E-01  -8.292379739900000E-03  -5.808104230100000E-02
  -6.871466249900000E-01   5.184006046900000E-01   1.007872457700000E+00   3.925773895200000E-01  -8.174584316700000E-03  -5.815230357100000E-02
  -6.968416904200000E-01   5.170544085800000E-01   1.007918198300000E+00   3.926099415900000E-01  -8.057821310500000E-03  -5.822225201900000E-02
  -7.065372114000000E-01   5.157078638200000E-01   1.007962656400000E+00   3.926385847500000E-01  -7.941951602500000E-03  -5.829090382200000E-02
  -7.162327035100000E-01   5.143598605600000E-01   1.008012943400000E+00   3.926651975500000E-01  -7.827009214900000E-03  -5.835827276000000E-02
  -7.259276914400000E-01   5.130093056800000E-01   1.008055186300000E+00   3.926884454800000E-01  -7.712694186100000E-03  -5.842437034200000E-02
  -7.356217064600000E-01   5.116551203200000E-01   1.008095981700000E+00   3.927159152000000E-01  -7.599132770600000E-03  -5.848920591800000E-02
  -7.453142841600000E-01   5.102962374900000E-01   1.008140307200000E+00   3.927393720500000E-01  -7.485899562800000E-03  -5.855278680000000E-02
  -7.550049621900000E-01   5.089315997300000E-01   1.008183882500000E+00   3.927626159000000E-01  -7.373254352300000E-03  -5.861511835700000E-02
  -7.646932776900000E-01   5.075601558200000E-01   1.008224899900000E+00   3.927839248400000E-01  -7.260910526600000E-03  -5.867620411800000E-02
  -7.743787654099999E-01   5.061808592000000E-01   1.008264163200000E+00   3.928010200000000E-01  -7.148824628900000E-03  -5.873604586800000E-02
  -7.840609556400000E-01   5.047926657700000E-01   1.008302997200000E+00   3.928257822000000E-01  -7.037001195900000E-03  -5.879464373500000E-02
  -7.937393719600000E-01   5.033945312600000E-01   1.008340027100000E+00   3.928451329700000E-01  -6.925381401600000E-03  -5.885199627900000E-02
  -8.034135298600000E-01   5.019854108500000E-01   1.008377926200000E+00   3.928632395700000E-01  -6.813534344100000E-03  -5.890810058000000E-02
  -8.130829341300000E-01   5.005642556100000E-01   1.008412832800000E+00   3.928803137700000E-01  -6.701832322700000E-03  -5.896295231700000E-02
  -8.227470763100000E-01   4.991300097200000E-01   1.008450335200000E+00   3.928959772000000E-01  -6.590133451800000E-03  -5.901654584900000E-02
  -8.324054342300000E-01   4.976816119500000E-01   1.008482866100000E+00   3.929142152500000E-01  -6.478179632800000E-03  -5.906887430000000E-02
  -8.420574690500000E-01   4.962179921000000E-01   1.008519417400000E+00   3.929311139000000E-01  -6.365974792500000E-03  -5.911992964000000E-02
  -8.517026227100000E-01   4.947380681500000E-01   1.008554013900000E+00   3.929452738000000E-01  -6.253661875600000E-03  -5.916970276100000E-02
  -8.613403166900000E-01   4.932407468000000E-01   1.008589150400000E+00   3.929601641900000E-01  -6.141008288500000E-03  -5.921818356700000E-02
  -8.709699492600000E-01   4.917249206100000E-01   1.008622525400000E+00   3.929711163400000E-01  -6.027897116400000E-03  -5.926536105200000E-02
  -8.805908935800000E-01   4.901894673400000E-01   1.008655236300000E+00   3.929885839500000E-01  -5.914561676800000E-03  -5.931122339200000E-02
  -8.902024947200000E-01   4.886332472200000E-01   1.008686660900000E+00   3.929987068900000E-01  -5.800710443100000E-03  -5.935575802800000E-02
  -8.998040681100000E-01   4.870551033900000E-01   1.008719119000000E+00   3.930124194700000E-01  -5.686346285600000E-03  -5.939895176700000E-02
  -9.093948965300001E-01   4.854538596000000E-01   1.008750007800000E+00   3.930260073100000E-01  -5.571659952000000E-03  -5.944079087400000E-02
  -9.189742277700000E-01   4.838283195700000E-01   1.008780242000000E+00   3.930376999800000E-01  -5.456259861400000E-03  -5.948126117300000E-02
  -9.285412711600000E-01   4.821772643200000E-01   1.008812216700000E+00   3.930478724100000E-01  -5.340381160800000E-03  -5.952034815500000E-02
  -9.380951949700000E-01   4.804994517900000E-01   1.008838504100000E+00   3.930605237400000E-01  -5.224070173600000E-03  -5.955803708500000E-02
  -9.476351236600000E-01   4.787936161400000E-01   1.008868494000000E+00   3.930660304500000E-01  -5.106926207100000E-03  -5.959431312700000E-02
  -9.571601346200000E-01   4.770584667600000E-01   1.008898627200000E+00   3.930766377700000E-01  -4.989383481200000E-03  -5.962916145900000E-02
  -9.666692561000000E-01   4.752926895600000E-01   1.008927870500000E+00   3.930890936200000E-01  -4.871175191300000E-03  -5.966256741800000E-02
  -9.761614610700000E-01   4.734949411700000E-01   1.008953928000000E+00   3.930931073800000E-01  -4.752333548100000E-03  -5.969451661700000E-02
  -9.856356652500000E-01   4.716638514800000E-01   1.008985315100000E+00   3.931057839800000E-01  -4.633102097500000E-03  -5.972499510700000E-02
  -9.950907242500000E-01   4.697980246700000E-01   1.009012167500000E+00   3.931099382400000E-01  -4.512977302700000E-03  -5.975398952100000E-02
  -1.004525426800000E+00   4.678960337700000E-01   1.009038639700000E+00   3.931209614900000E-01  -4.392491561200000E-03  -5.978148723500000E-02
  -1.013938493900000E+00   4.659564260900000E-01   1.009066102400000E+00   3.931231995200000E-01  -4.271420171600000E-03  -5.980747653600000E-02
  -1.023328572100000E+00   4.639777191100000E-01   1.009090809000000E+00   3.931350231900000E-01  -4.149778029100000E-03  -5.983194679900000E-02
  -1.032694230700000E+00   4.619584030900000E-01   1.009116523200000E+00   3.931394938100000E-01  -4.027862313300000E-03  -5.985488866400000E-02
  -1.042033955300000E+00   4.598969384900000E-01   1.009139847800000E+00   3.931421295800000E-01  -3.905212944800000E-03  -5.987629422800000E-02
  -1.051346145800000E+00   4.577917612000000E-01   1.009161963000000E+00   3.931454715000000E-01  -3.782400356500000E-03  -5.989615724000000E-02
  -1.060629108400000E+00   4.556412780200000E-01   1.009184802000000E+00   3.931547023200000E-01  -3.659170654800000E-03  -5.991447329800000E-02
  -1.069881052800000E+00   4.534438714200000E-01   1.009206840100000E+00   3.931522446500000E-01  -3.535689424700000E-03  -5.993124005400000E-02
  -1.079100086700000E+00   4.511979000800000E-01   1.009231023800000E+00   3.931613452700000E-01  -3.412227714800000E-03  -5.994645741900000E-02
  -1.088284210200000E+00   4.489017003900000E-01   1.009252314000000E+00   3.931615944300000E-01  -3.288328434400000E-03  -5.996012777200000E-02
  -1.097431311200000E+00   4.465535892800000E-01   1.009266966000000E+00   3.931645322400000E-01  -3.164607380900000E-03  -5.997225616300000E-02
  -1.106539159900000E+00   4.441518660300000E-01   1.009288692900000E+00   3.931642049400000E-01  -3.041095178600000E-03  -5.998285051700000E-02
  -1.115605404000000E+00   4.416948161000000E-01   1.009309468000000E+00   3.931659071100000E-01  -2.917577870500000E-03  -5.999192182700000E-02
  -1.124627566800000E+00   4.391807182300000E-01   1.009323988200000E+00   3.931642520300000E-01  -2.794679798600000E-03  -5.999948434600000E-02
  -1.133603035400000E+00   4.366078397400000E-01   1.009338463500000E+00   3.931629663300000E-01  -2.671967962800000E-03  -6.000555574800000E-02
  -1.142529067900000E+00   4.339744550500000E-01   1.009355510700000E+00   3.931648469600000E-01  -2.550088881000000E-03  -6.001015730000000E-02
  -1.151402779800000E+00   4.312788392400000E-01   1.009369526700000E+00   3.931626618500000E-01  -2.428890183800000E-03  -6.001331398100000E-02
  -1.160221147800000E+00   4.285192823000000E-01   1.009385236600000E+00   3.931592289800000E-01  -2.308675590100000E-03  -6.001505460000000E-02
  -1.168981006900000E+00   4.256940951300000E-01   1.009394523900000E+00   3.931567463900000E-01  -2.189625401900000E-03  -6.001541187200000E-02
  -1.177679049200000E+00   4.228016167600000E-01   1.009403546500000E+00   3.931462503300000E-01  -2.071792903000000E-03  -6.001442245500000E-02
  -1.186311823700000E+00   4.198402229200000E-01   1.009418975500000E+00   3.931422734300000E-01  -1.955608981800000E-03  -6.001212695900000E-02
  -1.194875741500000E+00   4.168083389400000E-01   1.009425338300000E+00   3.931390488600000E-01  -1.840957207700000E-03  -6.000856989400000E-02
  -1.203367083700000E+00   4.137044542300000E-01   1.009435554200000E+00   3.931298845100000E-01  -1.728436224700000E-03  -6.000379957900000E-02
  -1.211781994400000E+00   4.105271206600000E-01   1.009437635800000E+00   3.931258320500000E-01  -1.617823935900000E-03  -5.999786799600000E-02
  -1.220116514500000E+00   4.072749898700000E-01   1.009447483700000E+00   3.931164980900000E-01  -1.509813627400000E-03  -5.999083057100000E-02
  -1.228366548800000E+00   4.039467846500000E-01   1.009450231600000E+00   3.931114880300000E-01  -1.404153229200000E-03  -5.998274594500000E-02
  -1.236527943400000E+00   4.005413714200000E-01   1.009454825800000E+00   3.931058953000000E-01  -1.301527012800000E-03  -5.997367559300000E-02
  -1.244596438300000E+00   3.970577153200000E-01   1.009457115000000E+00   3.930977155600000E-01  -1.201765016600000E-03  -5.996368350800000E-02
  -1.252567742000000E+00   3.934949432200000E-01   1.009454224100000E+00   3.930888524900000E-01  -1.105411871000000E-03  -5.995283570500000E-02
  -1.260437493300000E+00   3.898523057300000E-01   1.009456440800000E+00   3.930739384700000E-01  -1.012469404100000E-03  -5.994119981700000E-02
  -1.268201366100000E+00   3.861292550200000E-01   1.009457063400000E+00   3.930681325200000E-01  -9.232613917899999E-04  -5.992884446100000E-02
  -1.275855010900000E+00   3.823253875700000E-01   1.009454773600000E+00   3.930561161500000E-01  -8.379812090100000E-04  -5.991583881600000E-02
  -1.283394177400000E+00   3.784405259700000E-01   1.009453225600000E+00   3.930423628500000E-01  -7.566978167600000E-04  -5.990225190100000E-02
  -1.290814616800000E+00   3.744746327000000E-01   1.009451265900000E+00   3.930331501500000E-01  -6.797769313200000E-04  -5.988815223000000E-02
  -1.298112301500000E+00   3.704279494000000E-01   1.009448365600000E+00   3.930243875600000E-01  -6.071298546300000E-04  -5.987360691200000E-02
  -1.305283186400000E+00   3.663008153500000E-01   1.009438445200000E+00   3.930109517300000E-01  -5.389953594000000E-04  -5.985868164800000E-02
  -1.312323607000000E+00   3.620939117800000E-01   1.009434719800000E+00   3.930024868900000E-01  -4.754798814800000E-04  -5.984343950700000E-02
  -1.319230038500000E+00   3.578080744300000E-01   1.009431482100000E+00   3.929891374800000E-01  -4.165725781900000E-04  -5.982794103700000E-02
  -1.322631263900000E+00   3.556364006600000E-01   1.009429698100000E+00   3.929848212700000E-01  -3.888671486300000E-04  -5.982011542600000E-02
  -1.324486669400000E+00   3.544339111700000E-01   1.009422950600000E+00   3.929771640300000E-01  -3.741368316300000E-04  -5.981579386900000E-02
  -1.326515507900000E+00   3.531045969800000E-01   1.009428011600000E+00   3.929780414600000E-01  -3.583528255300000E-04  -5.981102637400000E-02
  -1.328531278700000E+00   3.517681751400000E-01   1.009423092700000E+00   3.929728195700000E-01  -3.429988350600000E-04  -5.980624658000000E-02
  -1.329534417800000E+00   3.510974374100000E-01   1.009418553500000E+00   3.929704988800000E-01  -3.354837531000000E-04  -5.980385209600000E-02
  -1.331033177200000E+00   3.500881669500000E-01   1.009421471200000E+00   3.929676673400000E-01  -3.243648061200000E-04  -5.980025510000000E-02
  -1.332524155800000E+00   3.490747674200000E-01   1.009419898500000E+00   3.929673047600000E-01  -3.134753458400000E-04  -5.979665378400000E-02
  -1.334156018800000E+00   3.479557132600000E-01   1.009420028900000E+00   3.929587144200000E-01  -3.017804347400000E-04  -5.979268608200000E-02
  -1.335778742300000E+00   3.468319036600000E-01   1.009418411800000E+00   3.929617943600000E-01  -2.903756609900000E-04  -5.978871376400000E-02
  -1.336586965100000E+00   3.462683944300000E-01   1.009416286600000E+00   3.929604271600000E-01  -2.847847634200000E-04  -5.978672537000000E-02
  -1.337392795800000E+00   3.457036701400000E-01   1.009410588000000E+00   3.929568785400000E-01  -2.792675856100000E-04  -5.978473632600000E-02
  -1.338196280100000E+00   3.451377509000000E-01   1.009408816700000E+00   3.929536387600000E-01  -2.738077305100000E-04  -5.978274660300000E-02
  -1.339077523100000E+00   3.445139249400000E-01   1.009412672700000E+00   3.929524145700000E-01  -2.678923946300000E-04  -5.978055691900000E-02
  -1.340043784800000E+00   3.438261458800000E-01   1.009415368900000E+00   3.929543751600000E-01  -2.614862590900000E-04  -5.977814711900000E-02
  -1.341006678500000E+00   3.431366757000000E-01   1.009414649900000E+00   3.929506167900000E-01  -2.551842100800000E-04  -5.977573653300000E-02
  -1.341966079600000E+00   3.424454649400000E-01   1.009412551100000E+00   3.929442338000000E-01  -2.489838043100000E-04  -5.977332561200000E-02
  -1.343017932500000E+00   3.416833980300000E-01   1.009403961600000E+00   3.929480464000000E-01  -2.422827679900000E-04  -5.977067199500000E-02
  -1.343542340300000E+00   3.413016186900000E-01   1.009403472400000E+00   3.929475620300000E-01  -2.389751369700000E-04  -5.976934498100000E-02
  -1.343804126500000E+00   3.411105262500000E-01   1.009404635100000E+00   3.929467906500000E-01  -2.373313510600000E-04  -5.976868152900000E-02
  -1.344196282500000E+00   3.408236319200000E-01   1.009403275200000E+00   3.929467402400000E-01  -2.348820164800000E-04  -5.976768642900000E-02
  -1.344587824700000E+00   3.405364375100000E-01   1.009406310200000E+00   3.929461034200000E-01  -2.324487473100000E-04  -5.976669139800000E-02
  -1.345174261900000E+00   3.401052153100000E-01   1.009403030600000E+00   3.929447898300000E-01  -2.288288231800000E-04  -5.976519829800000E-02
  -1.346051423100000E+00   3.394571644100000E-01   1.009408974700000E+00   3.929356346600000E-01  -2.234550367200000E-04  -5.976295879500000E-02
  -1.346925690400000E+00   3.388077098100000E-01   1.009407351200000E+00   3.929406927700000E-01  -2.182014817500000E-04  -5.976071930500000E-02
  -1.347797035800000E+00   3.381568493400000E-01   1.009404975200000E+00   3.929400519200000E-01  -2.129922259200000E-04  -5.975847999900000E-02
  -1.348665118400000E+00   3.375044312500000E-01   1.009399321200000E+00   3.929323961400000E-01  -2.078735627500000E-04  -5.975624185700000E-02
  -1.349141754400000E+00   3.371452146000000E-01   1.009404433000000E+00   3.929314410100000E-01  -2.050972640600000E-04  -5.975500991000000E-02
  -1.349617599600000E+00   3.367856226500000E-01   1.009404038500000E+00   3.929328158800000E-01  -2.023488689300000E-04  -5.975377785100000E-02
  -1.350092032700000E+00   3.364253678300000E-01   1.009404137500000E+00   3.929339339700000E-01  -1.996245497200000E-04  -5.975254730700000E-02
  -1.350612962600000E+00   3.360286412000000E-01   1.009401883500000E+00   3.929322360500000E-01  -1.966583673300000E-04  -5.975119370700000E-02
  -1.351392611900000E+00   3.354327250000000E-01   1.009403979200000E+00   3.929328749700000E-01  -1.922688115800000E-04  -5.974916304900000E-02
  -1.352557434300000E+00   3.345366625900000E-01   1.009396202000000E+00   3.929279161000000E-01  -1.858143766200000E-04  -5.974611850300000E-02
  -1.353717047800000E+00   3.336381690400000E-01   1.009396567300000E+00   3.929292899000000E-01  -1.795155915500000E-04  -5.974307491700000E-02
  -1.354870988500000E+00   3.327370608900000E-01   1.009396994900000E+00   3.929259066700000E-01  -1.733698437400000E-04  -5.974003374200000E-02
  -1.356019562400000E+00   3.318334964000000E-01   1.009392424900000E+00   3.929230495100000E-01  -1.673630726100000E-04  -5.973699440100000E-02
  -1.356591607600000E+00   3.313807045800000E-01   1.009396633600000E+00   3.929200336600000E-01  -1.644025437900000E-04  -5.973547609600000E-02
  -1.356734460600000E+00   3.312674364600000E-01   1.009397225600000E+00   3.929189072000000E-01  -1.636683642800000E-04  -5.973509646700000E-02
  -1.356949174200000E+00   3.310977240200000E-01   1.009398040200000E+00   3.929162285400000E-01  -1.625732914400000E-04  -5.973452551600000E-02
  -1.357377123900000E+00   3.307576393200000E-01   1.009396325900000E+00   3.929203049100000E-01  -1.603971698700000E-04  -5.973338627000000E-02
  -1.357696422500000E+00   3.305018396500000E-01   1.009392867400000E+00   3.929217727500000E-01  -1.587752151000000E-04  -5.973253516400000E-02
  -1.358016142900000E+00   3.302462219100000E-01   1.009391940800000E+00   3.929211391400000E-01  -1.571674869900000E-04  -5.973168199100000E-02
  -1.358495258000000E+00   3.298625820500000E-01   1.009389107700000E+00   3.929179165400000E-01  -1.547786504600000E-04  -5.973040171300000E-02
  -1.359020524600000E+00   3.294397963900000E-01   1.009389141300000E+00   3.929141509400000E-01  -1.521793552800000E-04  -5.972899568500000E-02
  -1.359597776600000E+00   3.289744827700000E-01   1.009387489500000E+00   3.929111701200000E-01  -1.493588670300000E-04  -5.972744758200000E-02
  -1.359885155200000E+00   3.287412798300000E-01   1.009388355900000E+00   3.929140250100000E-01  -1.479609523600000E-04  -5.972667573700000E-02
  -1.360173909200000E+00   3.285086671000000E-01   1.009391261000000E+00   3.929165093200000E-01  -1.465772306800000E-04  -5.972589944000000E-02
  -1.360460073800000E+00   3.282749293700000E-01   1.009392770000000E+00   3.929167116100000E-01  -1.451965963200000E-04  -5.972512934600000E-02
  -1.360532134600000E+00   3.282167185600000E-01   1.009393124700000E+00   3.929165855700000E-01  -1.448545132400000E-04  -5.972493530700000E-02
  -1.360674949200000E+00   3.280997333700000E-01   1.009393191900000E+00   3.929160749700000E-01  -1.441685391400000E-04  -5.972455060800000E-02
  -1.360889694400000E+00   3.279244826900000E-01   1.009393019700000E+00   3.929149340100000E-01  -1.431460081100000E-04  -5.972397179900000E-02
  -1.361104845300000E+00   3.277494037200000E-01   1.009392755700000E+00   3.929135866800000E-01  -1.421304064200000E-04  -5.972339147400000E-02
  -1.361536898900000E+00   3.273999907700000E-01   1.009392565800000E+00   3.929089704900000E-01  -1.401212922300000E-04  -5.972222482800000E-02
  -1.362388867300000E+00   3.266958915600000E-01   1.009391886400000E+00   3.929108973100000E-01  -1.361385026300000E-04  -5.971991933000000E-02
  -1.363240961200000E+00   3.259918590000000E-01   1.009390167900000E+00   3.929114615400000E-01  -1.322472648200000E-04  -5.971760689800000E-02
  -1.364090240200000E+00   3.252865988900000E-01   1.009389894100000E+00   3.929098780300000E-01  -1.284390596700000E-04  -5.971529556000000E-02
  -1.364301687700000E+00   3.251099137800000E-01   1.009383823000000E+00   3.929094032500000E-01  -1.274976801800000E-04  -5.971471908600000E-02
  -1.364618433900000E+00   3.248447070300000E-01   1.009385259200000E+00   3.929069618000000E-01  -1.260961268800000E-04  -5.971385477600000E-02
  -1.364776736100000E+00   3.247120722200000E-01   1.009388121300000E+00   3.929062380200000E-01  -1.253994665700000E-04  -5.971342247600000E-02
  -1.365014325300000E+00   3.245131743900000E-01   1.009388436400000E+00   3.929049267200000E-01  -1.243609788300000E-04  -5.971277323000000E-02
  -1.365370526600000E+00   3.242147455700000E-01   1.009388528100000E+00   3.929015073800000E-01  -1.228159295500000E-04  -5.971179890600000E-02
  -1.365902581100000E+00   3.237661513800000E-01   1.009388051800000E+00   3.928979874000000E-01  -1.205222719900000E-04  -5.971034144100000E-02
  -1.366432800500000E+00   3.233167838700000E-01   1.009386157600000E+00   3.929033325600000E-01  -1.182580085300000E-04  -5.970888646900000E-02
  -1.367015877000000E+00   3.228223962200000E-01   1.009383640300000E+00   3.929037665100000E-01  -1.158070751800000E-04  -5.970728353800000E-02
  -1.367597621700000E+00   3.223274414700000E-01   1.009383984100000E+00   3.929021145600000E-01  -1.133948350700000E-04  -5.970568123100000E-02
  -1.368177489500000E+00   3.218316989700000E-01   1.009377083000000E+00   3.929009442600000E-01  -1.110108990800000E-04  -5.970408107600000E-02
  -1.368813336100000E+00   3.212855422500000E-01   1.009384660100000E+00   3.928983458700000E-01  -1.084247979100000E-04  -5.970232299300000E-02
  -1.369446527500000E+00   3.207382852200000E-01   1.009381107900000E+00   3.928988866300000E-01  -1.058808055800000E-04  -5.970056866400000E-02
  -1.370078394500000E+00   3.201904745000000E-01   1.009375484200000E+00   3.928906196900000E-01  -1.033820468900000E-04  -5.969881444200000E-02
  -1.370393341000000E+00   3.199161650800000E-01   1.009376081900000E+00   3.928917259400000E-01  -1.021491084500000E-04  -5.969793874400000E-02
  -1.370708236100000E+00   3.196418314800000E-01   1.009378841500000E+00   3.928939511400000E-01  -1.009272282400000E-04  -5.969706230700000E-02
  -1.371025149800000E+00   3.193683022800000E-01   1.009377929600000E+00   3.928925532400000E-01  -9.972096316300000E-05  -5.969617936800000E-02
  -1.371042394400000E+00   3.193501690800000E-01   1.009379587100000E+00   3.928926767100000E-01  -9.964172033500000E-05  -5.969613129200000E-02
  -1.371062777600000E+00   3.193307950400000E-01   1.009380928400000E+00   3.928946515500000E-01  -9.955639620199999E-05  -5.969607446900000E-02
  -1.371096573700000E+00   3.193029570100000E-01   1.009381752700000E+00   3.928958201700000E-01  -9.943460692100000E-05  -5.969598024700000E-02
  -1.371113669500000E+00   3.192891686400000E-01   1.009381841000000E+00   3.928961512900000E-01  -9.937445039700000E-05  -5.969593258000000E-02
  -1.371144793500000E+00   3.192602632700000E-01   1.009381658100000E+00   3.928961055300000E-01  -9.924778586100001E-05  -5.969584579400000E-02
  -1.371160392300000E+00   3.192458687600000E-01   1.009381767000000E+00   3.928961646500000E-01  -9.918481671500000E-05  -5.969580229500000E-02
  -1.371193389100000E+00   3.192177607700000E-01   1.009381611200000E+00   3.928961201300000E-01  -9.906220508200000E-05  -5.969571027200000E-02
  -1.371209727600000E+00   3.192036554800000E-01   1.009381814700000E+00   3.928962075400000E-01  -9.900063494600000E-05  -5.969566470300000E-02
  -1.371242120900000E+00   3.191753308700000E-01   1.009381672100000E+00   3.928961905400000E-01  -9.887709697600001E-05  -5.969557435000000E-02
  -1.371274206900000E+00   3.191468840800000E-01   1.009381728500000E+00   3.928961834300000E-01  -9.875313309199999E-05  -5.969548484400000E-02
  -1.371338628500000E+00   3.190900904600000E-01   1.009381619600000E+00   3.928961254900000E-01  -9.850594766300000E-05  -5.969530510900000E-02
  -1.371371000400000E+00   3.190617575500000E-01   1.009381693400000E+00   3.928960865200000E-01  -9.838291636900000E-05  -5.969521477900000E-02
  -1.371435711600000E+00   3.190050790100000E-01   1.009381507700000E+00   3.928959684300000E-01  -9.813712497899999E-05  -5.969503418000000E-02
  -1.371564664000000E+00   3.188915337500000E-01   1.009381528000000E+00   3.928955790600000E-01  -9.764592129000000E-05  -5.969467418400000E-02
  -1.371693773600000E+00   3.187780504200000E-01   1.009381407200000E+00   3.928949455300000E-01  -9.715697356200000E-05  -5.969431360100000E-02
  -1.371951566000000E+00   3.185509113500000E-01   1.009381106600000E+00   3.928934419100000E-01  -9.618419213799999E-05  -5.969359318500000E-02
  -1.372145649900000E+00   3.183808481100000E-01   1.009380428900000E+00   3.928904425600000E-01  -9.546141334000000E-05  -5.969305041800000E-02
  -1.372338629200000E+00   3.182103431500000E-01   1.009380436300000E+00   3.928893551400000E-01  -9.474111138200000E-05  -5.969251040900000E-02
  -1.372551546000000E+00   3.180230403000000E-01   1.009380099000000E+00   3.928872683600000E-01  -9.395476398300001E-05  -5.969191422600000E-02
  -1.372784390800000E+00   3.178164631000000E-01   1.009379344800000E+00   3.928856566700000E-01  -9.309329962000001E-05  -5.969126178400000E-02
  -1.373017671600000E+00   3.176100569700000E-01   1.009378795600000E+00   3.928867402600000E-01  -9.223898562600000E-05  -5.969060764000000E-02
  -1.373104719000000E+00   3.175324830300000E-01   1.009378627600000E+00   3.928856856900000E-01  -9.191952201700001E-05  -5.969036342600000E-02
  -1.373235772400000E+00   3.174163115100000E-01   1.009378145800000E+00   3.928867858800000E-01  -9.144278952300001E-05  -5.968999562700000E-02
  -1.373366002600000E+00   3.172998149300000E-01   1.009377920100000E+00   3.928873334800000E-01  -9.096653823400000E-05  -5.968962998700000E-02
  -1.373562858700000E+00   3.171256607100000E-01   1.009377459700000E+00   3.928882554500000E-01  -9.025861099400000E-05  -5.968907700000000E-02
  -1.373669696500000E+00   3.170293106600000E-01   1.009377474800000E+00   3.928876123000000E-01  -8.986862406800000E-05  -5.968877674000000E-02
  -1.373832100300000E+00   3.168856245100000E-01   1.009377367400000E+00   3.928876399600000E-01  -8.928993974600000E-05  -5.968832012300000E-02
  -1.373993576400000E+00   3.167415786100000E-01   1.009375795000000E+00   3.928892201300000E-01  -8.871271357700001E-05  -5.968786588300000E-02
  -1.374114044100000E+00   3.166332938500000E-01   1.009375054300000E+00   3.928901316600000E-01  -8.828064536199999E-05  -5.968752685200000E-02
  -1.374295025900000E+00   3.164709756100000E-01   1.009375138300000E+00   3.928903422900000E-01  -8.763618486200000E-05  -5.968701727500000E-02
  -1.374658898400000E+00   3.161470771900000E-01   1.009376569800000E+00   3.928896379900000E-01  -8.636196686100000E-05  -5.968599187400000E-02
  -1.374929502100000E+00   3.159032472300000E-01   1.009369540200000E+00   3.928874482200000E-01  -8.541226423100000E-05  -5.968522854900000E-02
  -1.375227328200000E+00   3.156350985800000E-01   1.009371649400000E+00   3.928833464200000E-01  -8.437759003499999E-05  -5.968438769000000E-02
  -1.375283587800000E+00   3.155849822200000E-01   1.009375116800000E+00   3.928840396700000E-01  -8.418535785000001E-05  -5.968422876300000E-02
  -1.375393356200000E+00   3.154836712800000E-01   1.009375964000000E+00   3.928834567400000E-01  -8.379742113900000E-05  -5.968391860000000E-02
  -1.375448425400000E+00   3.154330951300000E-01   1.009376884500000E+00   3.928817366600000E-01  -8.360435154600000E-05  -5.968376295500000E-02
  -1.375561721900000E+00   3.153331442600000E-01   1.009376635400000E+00   3.928824524500000E-01  -8.322438646600000E-05  -5.968344265700000E-02
  -1.375731269800000E+00   3.151830968500000E-01   1.009376513700000E+00   3.928812282800000E-01  -8.265662126500001E-05  -5.968296312000000E-02
  -1.375819485200000E+00   3.150985807300000E-01   1.009375570900000E+00   3.928818241100000E-01  -8.233720044900000E-05  -5.968271351900000E-02
  -1.375918075100000E+00   3.150062631000000E-01   1.009376090800000E+00   3.928809674600000E-01  -8.198962263100000E-05  -5.968243448200000E-02
  -1.375922766800000E+00   3.150039793800000E-01   1.009376454400000E+00   3.928792622900000E-01  -8.198122847700000E-05  -5.968242120100000E-02
  -1.375929285900000E+00   3.150006132300000E-01   1.009375653600000E+00   3.928830886300000E-01  -8.196901392400000E-05  -5.968240274600000E-02
  -1.375933310900000E+00   3.149955502400000E-01   1.009376293900000E+00   3.928815052500000E-01  -8.194991695600001E-05  -5.968239135200000E-02
  -1.375935143400000E+00   3.149932325300000E-01   1.009375153000000E+00   3.928825453300000E-01  -8.194107846100001E-05  -5.968238616500000E-02
  -1.375940499900000E+00   3.149890623600000E-01   1.009376338400000E+00   3.928794184300000E-01  -8.192540506700000E-05  -5.968237100100000E-02
  -1.375948635500000E+00   3.149830767900000E-01   1.009376193500000E+00   3.928810455000000E-01  -8.190317954699999E-05  -5.968234797000000E-02
  -1.375954803300000E+00   3.149761575500000E-01   1.009376268300000E+00   3.928799580300000E-01  -8.187713848000000E-05  -5.968233050900000E-02
  -1.375965267300000E+00   3.149664017900000E-01   1.009376313900000E+00   3.928791507800000E-01  -8.184065971600000E-05  -5.968230088400000E-02
  -1.375980944800000E+00   3.149518279100000E-01   1.009375140300000E+00   3.928824920500000E-01  -8.178595845499999E-05  -5.968225649800000E-02
  -1.376012051300000E+00   3.149225867300000E-01   1.009376113100000E+00   3.928807926200000E-01  -8.167616852299999E-05  -5.968216842300000E-02
  -1.376029203400000E+00   3.149065205300000E-01   1.009376324900000E+00   3.928786138500000E-01  -8.161600269800000E-05  -5.968211985500000E-02
  -1.376049373900000E+00   3.148893338200000E-01   1.009376279300000E+00   3.928785255100000E-01  -8.155197747800000E-05  -5.968206273600000E-02
  -1.376064421400000E+00   3.148764291100000E-01   1.009376198200000E+00   3.928802785400000E-01  -8.150392552700001E-05  -5.968202012300000E-02
  -1.376079489800000E+00   3.148635330200000E-01   1.009375735000000E+00   3.928819036900000E-01  -8.145583230100000E-05  -5.968197744800000E-02
  -1.376107560300000E+00   3.148368962600000E-01   1.009375932400000E+00   3.928814758800000E-01  -8.135620522700000E-05  -5.968189794500000E-02
  -1.376122607500000E+00   3.148239713500000E-01   1.009376078100000E+00   3.928808495600000E-01  -8.130809653400001E-05  -5.968185532500000E-02
  -1.376145354500000E+00   3.148046859200000E-01   1.009376073700000E+00   3.928809780400000E-01  -8.123643125500001E-05  -5.968179089200000E-02
  -1.376165641200000E+00   3.147843857500000E-01   1.009375950900000E+00   3.928815427100000E-01  -8.116058927400000E-05  -5.968173342300000E-02
  -1.376176998500000E+00   3.147746984400000E-01   1.009375759200000E+00   3.928819897500000E-01  -8.112460401199999E-05  -5.968170124900000E-02
  -1.376188161000000E+00   3.147649693800000E-01   1.009375767100000E+00   3.928819316800000E-01  -8.108844040500001E-05  -5.968166962500000E-02
  -1.376205132100000E+00   3.147504680700000E-01   1.009375794300000E+00   3.928819086400000E-01  -8.103462832500000E-05  -5.968162154300000E-02
  -1.376228451000000E+00   3.147278423000000E-01   1.009375676200000E+00   3.928822579000000E-01  -8.095035574400000E-05  -5.968155547300000E-02
  -1.376246145300000E+00   3.147109864500000E-01   1.009375540100000E+00   3.928825703300000E-01  -8.088764028500000E-05  -5.968150533600000E-02
  -1.376281963600000E+00   3.146774338200000E-01   1.009375410700000E+00   3.928829627100000E-01  -8.076301386800000E-05  -5.968140383500000E-02
  -1.376338490400000E+00   3.146281509500000E-01   1.009375148800000E+00   3.928834710500000E-01  -8.058072897500000E-05  -5.968124362900000E-02
  -1.376365730300000E+00   3.146031185700000E-01   1.009374808400000E+00   3.928837496900000E-01  -8.048806303500000E-05  -5.968116641700000E-02
  -1.376406391100000E+00   3.145655100100000E-01   1.009374722800000E+00   3.928839425600000E-01  -8.034898680900000E-05  -5.968105115100000E-02
  -1.376446257200000E+00   3.145276013400000E-01   1.009374481700000E+00   3.928842211300000E-01  -8.020886970500000E-05  -5.968093812300000E-02
  -1.376476069500000E+00   3.144991408200000E-01   1.009374244000000E+00   3.928843646600000E-01  -8.010377775900000E-05  -5.968085359100000E-02
  -1.376481394000000E+00   3.144956758700000E-01   1.009374259000000E+00   3.928842858200000E-01  -8.009117609499999E-05  -5.968083849200000E-02
  -1.376486738500000E+00   3.144923289000000E-01   1.009374421700000E+00   3.928840808700000E-01  -8.007905166800000E-05  -5.968082333700000E-02
  -1.376497324200000E+00   3.144855793000000E-01   1.009374345400000E+00   3.928841991400000E-01  -8.005458759300000E-05  -5.968079331900000E-02
  -1.376500210400000E+00   3.144808795700000E-01   1.009374258300000E+00   3.928842345800000E-01  -8.003700423500000E-05  -5.968078513400000E-02
  -1.376502507700000E+00   3.144764780400000E-01   1.009374241900000E+00   3.928842749400000E-01  -8.002048901100000E-05  -5.968077861900000E-02
  -1.376506023900000E+00   3.144747068100000E-01   1.009374213400000E+00   3.928843008200000E-01  -8.001416018500000E-05  -5.968076864700000E-02
  -1.376509207300000E+00   3.144730138800000E-01   1.009374248300000E+00   3.928842526900000E-01  -8.000808706099999E-05  -5.968075962000000E-02
  -1.376512774100000E+00   3.144715760200000E-01   1.009374224000000E+00   3.928842680400000E-01  -8.000304347799999E-05  -5.968074950500000E-02
  -1.376512652400000E+00   3.144697741500000E-01   1.009374340300000E+00   3.928841473600000E-01  -7.999615717199999E-05  -5.968074985000000E-02
  -1.376512666200000E+00   3.144683513600000E-01   1.009374230800000E+00   3.928842570200000E-01  -7.999073168599999E-05  -5.968074981000000E-02
  -1.376516042000000E+00   3.144655083100000E-01   1.009374164400000E+00   3.928843219200000E-01  -7.998029963700000E-05  -5.968074023700000E-02
  -1.376518762000000E+00   3.144631573900000E-01   1.009374174500000E+00   3.928842055100000E-01  -7.997165303300000E-05  -5.968073252300000E-02
  -1.376524286900000E+00   3.144584904000000E-01   1.009374189200000E+00   3.928843160400000E-01  -7.995454824100000E-05  -5.968071685400000E-02
  -1.376535461000000E+00   3.144492087500000E-01   1.009374115400000E+00   3.928844087100000E-01  -7.992053878799999E-05  -5.968068516300000E-02
  -1.376557446000000E+00   3.144304932500000E-01   1.009373936000000E+00   3.928845735600000E-01  -7.985192458500000E-05  -5.968062280900000E-02
  -1.376599071100000E+00   3.143921022600000E-01   1.009373704600000E+00   3.928847898400000E-01  -7.971090248600000E-05  -5.968050473900000E-02
  -1.376603819400000E+00   3.143871357100000E-01   1.009373484600000E+00   3.928848010800000E-01  -7.969257702100000E-05  -5.968049126900000E-02
  -1.376612949800000E+00   3.143771010000000E-01   1.009373597000000E+00   3.928847779500000E-01  -7.965552958499999E-05  -5.968046536800000E-02
  -1.376617848500000E+00   3.143721908300000E-01   1.009373465800000E+00   3.928848352400000E-01  -7.963745950200000E-05  -5.968045147100000E-02
  -1.376618715500000E+00   3.143708400300000E-01   1.009373483200000E+00   3.928848050700000E-01  -7.963242751900000E-05  -5.968044901200000E-02
  -1.376620705200000E+00   3.143682405200000E-01   1.009373487900000E+00   3.928848346300000E-01  -7.962278688299999E-05  -5.968044336700000E-02
  -1.376628695200000E+00   3.143641211700000E-01   1.009373526800000E+00   3.928847751200000E-01  -7.960811389600000E-05  -5.968042070000000E-02
  -1.376631906800000E+00   3.143619652300000E-01   1.009373470400000E+00   3.928847927100000E-01  -7.960031717400001E-05  -5.968041158900000E-02
  -1.376634389400000E+00   3.143594618000000E-01   1.009373436300000E+00   3.928848158300000E-01  -7.959110948900000E-05  -5.968040454600000E-02
  -1.376637717900000E+00   3.143556634500000E-01   1.009373435800000E+00   3.928848247500000E-01  -7.957708348000000E-05  -5.968039510300000E-02
  -1.376644080200000E+00   3.143479900900000E-01   1.009373373900000E+00   3.928848863200000E-01  -7.954872284699999E-05  -5.968037705300000E-02
  -1.376649692000000E+00   3.143448562500000E-01   1.009373325800000E+00   3.928848836600000E-01  -7.953750604999999E-05  -5.968036113100000E-02
  -1.376655682200000E+00   3.143417652000000E-01   1.009373308100000E+00   3.928848845200000E-01  -7.952650164900001E-05  -5.968034413600000E-02
  -1.376662989900000E+00   3.143324066800000E-01   1.009373319600000E+00   3.928848828100000E-01  -7.949187570200000E-05  -5.968032340300000E-02
  -1.376670949700000E+00   3.143242268200000E-01   1.009373171400000E+00   3.928849624100000E-01  -7.946180478800000E-05  -5.968030081800000E-02
  -1.376679255300000E+00   3.143151247100000E-01   1.009373121700000E+00   3.928850166600000E-01  -7.942828193900000E-05  -5.968027725200000E-02
  -1.376686004600000E+00   3.143108149300000E-01   1.009373020900000E+00   3.928850597000000E-01  -7.941276164000000E-05  -5.968025810100000E-02
  -1.376689659300000E+00   3.143085543200000E-01   1.009373022200000E+00   3.928850314900000E-01  -7.940463356000000E-05  -5.968024773100000E-02
  -1.376696704600000E+00   3.143038842800000E-01   1.009373061300000E+00   3.928850062200000E-01  -7.938778847400000E-05  -5.968022774000000E-02
  -1.376707395200000E+00   3.142927542000000E-01   1.009373010600000E+00   3.928850385000000E-01  -7.934690642800000E-05  -5.968019740400000E-02
  -1.376718267500000E+00   3.142820182500000E-01   1.009372842700000E+00   3.928851163500000E-01  -7.930755501700000E-05  -5.968016655200000E-02
  -1.376740263600000E+00   3.142606431300000E-01   1.009372657800000E+00   3.928852162700000E-01  -7.922930580800000E-05  -5.968010413100000E-02
  -1.376786479100000E+00   3.142186932600000E-01   1.009372470700000E+00   3.928852933400000E-01  -7.907628095000000E-05  -5.967997296500000E-02
  -1.376856867400000E+00   3.141562213900000E-01   1.009371899700000E+00   3.928854002500000E-01  -7.884904046999999E-05  -5.967977315700000E-02
  -1.376960364100000E+00   3.140616986000000E-01   1.009371122200000E+00   3.928853934900000E-01  -7.850584726700000E-05  -5.967947928600000E-02
  -1.377074502800000E+00   3.139578475400000E-01   1.009370248100000E+00   3.928851669000000E-01  -7.813022149999999E-05  -5.967915509000000E-02
  -1.377302687300000E+00   3.137501079300000E-01   1.009368205400000E+00   3.928841809200000E-01  -7.738322200100000E-05  -5.967850661900000E-02
  -1.377358153600000E+00   3.136975660000000E-01   1.009366028200000E+00   3.928842652600000E-01  -7.719480782200000E-05  -5.967834892100000E-02
  -1.377388857900000E+00   3.136687474000000E-01   1.009366856000000E+00   3.928843761200000E-01  -7.709159714300000E-05  -5.967826161400000E-02
  -1.377450476500000E+00   3.136111889500000E-01   1.009366973900000E+00   3.928841557800000E-01  -7.688608679700000E-05  -5.967808637700000E-02
  -1.377577182400000E+00   3.134973694000000E-01   1.009366143300000E+00   3.928834806000000E-01  -7.648162196100000E-05  -5.967772593300000E-02
  -1.377702350000000E+00   3.133829764000000E-01   1.009365177500000E+00   3.928829944200000E-01  -7.607657394100000E-05  -5.967736972800000E-02
  -1.377772472300000E+00   3.133205523700000E-01   1.009365179300000E+00   3.928831318300000E-01  -7.585645388800001E-05  -5.967717011100000E-02
  -1.377846612300000E+00   3.132507166000000E-01   1.009364910700000E+00   3.928826125700000E-01  -7.561028124600000E-05  -5.967695901100000E-02
  -1.377928259000000E+00   3.131739671600000E-01   1.009365139200000E+00   3.928827511800000E-01  -7.534061151299999E-05  -5.967672648100000E-02
  -1.378093658000000E+00   3.130212499200000E-01   1.009365006400000E+00   3.928820273700000E-01  -7.480670159200001E-05  -5.967625524600000E-02
  -1.378276201500000E+00   3.128534958300000E-01   1.009369616800000E+00   3.928767298600000E-01  -7.422354584200000E-05  -5.967573488600000E-02
  -1.378458798500000E+00   3.126857607900000E-01   1.009372383800000E+00   3.928769563800000E-01  -7.364395784600000E-05  -5.967521408200000E-02
  -1.378731755700000E+00   3.124337974900000E-01   1.009372789100000E+00   3.928800224400000E-01  -7.278051418400000E-05  -5.967443500700000E-02
  -1.378800286100000E+00   3.123709165100000E-01   1.009372984900000E+00   3.928803370600000E-01  -7.256610866500000E-05  -5.967423930500000E-02
  -1.378937577500000E+00   3.122452423400000E-01   1.009372869300000E+00   3.928809617500000E-01  -7.213977875400000E-05  -5.967384711900000E-02
  -1.378971190400000E+00   3.122135525200000E-01   1.009372796300000E+00   3.928808003300000E-01  -7.203232608100000E-05  -5.967375107600000E-02
  -1.379005003200000E+00   3.121819407300000E-01   1.009372792300000E+00   3.928810044600000E-01  -7.192546085800000E-05  -5.967365445100000E-02
  -1.379072097800000E+00   3.121185190900000E-01   1.009372672100000E+00   3.928810976200000E-01  -7.171131526900000E-05  -5.967346268900000E-02
  -1.379106288100000E+00   3.120870464300000E-01   1.009372545500000E+00   3.928810475900000E-01  -7.160528823000000E-05  -5.967336495500000E-02
  -1.379125274600000E+00   3.120698072600000E-01   1.009372604700000E+00   3.928808735000000E-01  -7.154722361400000E-05  -5.967331067800000E-02
  -1.379145793800000E+00   3.120507037800000E-01   1.009372592500000E+00   3.928808773900000E-01  -7.148294272400000E-05  -5.967325201500000E-02
  -1.379168275500000E+00   3.120296583200000E-01   1.009372536600000E+00   3.928808902500000E-01  -7.141218297300001E-05  -5.967318773700000E-02
  -1.379213161100000E+00   3.119875384000000E-01   1.009372459500000E+00   3.928809179600000E-01  -7.127078208799999E-05  -5.967305939000000E-02
  -1.379303000300000E+00   3.119033235500000E-01   1.009372282900000E+00   3.928808779600000E-01  -7.098877443000001E-05  -5.967280245100000E-02
  -1.379484103000000E+00   3.117354235300000E-01   1.009371848900000E+00   3.928805459700000E-01  -7.042947914500000E-05  -5.967228428200000E-02
  -1.379683266700000E+00   3.115507159700000E-01   1.009371387500000E+00   3.928800423400000E-01  -6.981834314999999E-05  -5.967171410700000E-02
  -1.379977217000000E+00   3.112718426700000E-01   1.009369425600000E+00   3.928774849000000E-01  -6.890289392000001E-05  -5.967087194000000E-02
  -1.380275937000000E+00   3.109947415100000E-01   1.009366624900000E+00   3.928722265000000E-01  -6.800343138699999E-05  -5.967001533400000E-02
  -1.380440261700000E+00   3.108423559400000E-01   1.009364739500000E+00   3.928718237300000E-01  -6.751247529000000E-05  -5.966954378600000E-02
  -1.380501774700000E+00   3.107851700600000E-01   1.009364004800000E+00   3.928722155600000E-01  -6.732876342400000E-05  -5.966936720700000E-02
  -1.380594010800000E+00   3.106993783400000E-01   1.009363623000000E+00   3.928710429300000E-01  -6.705448597800000E-05  -5.966910237200000E-02
  -1.380686784800000E+00   3.106137882800000E-01   1.009362444500000E+00   3.928698783300000E-01  -6.678178573099999E-05  -5.966883591900000E-02
  -1.380868430800000E+00   3.104411295400000E-01   1.009360833900000E+00   3.928717041800000E-01  -6.623404612700000E-05  -5.966831400100000E-02
  -1.380960203500000E+00   3.103551596600000E-01   1.009361054900000E+00   3.928707482100000E-01  -6.596261403000000E-05  -5.966805020300000E-02
  -1.381051949200000E+00   3.102691818800000E-01   1.009362109600000E+00   3.928718313400000E-01  -6.569212786299999E-05  -5.966778641000000E-02
  -1.381236110400000E+00   3.100974746400000E-01   1.009362506700000E+00   3.928731811800000E-01  -6.515506448300000E-05  -5.966725667600000E-02
  -1.381434309200000E+00   3.099069532500000E-01   1.009361959300000E+00   3.928728854100000E-01  -6.456267659300001E-05  -5.966668623300000E-02
  -1.381489190100000E+00   3.098547031300000E-01   1.009363980400000E+00   3.928730139900000E-01  -6.440059273900001E-05  -5.966652821800000E-02
  -1.381518323700000E+00   3.098291999900000E-01   1.009363645600000E+00   3.928729652900000E-01  -6.432196294400001E-05  -5.966644432500000E-02
  -1.381547361300000E+00   3.098036860400000E-01   1.009363755900000E+00   3.928731212700000E-01  -6.424342024000000E-05  -5.966636070100000E-02
  -1.381576164100000E+00   3.097780786000000E-01   1.009363942000000E+00   3.928732113400000E-01  -6.416465741200001E-05  -5.966627774600000E-02
  -1.381628242500000E+00   3.097246896300000E-01   1.009364046800000E+00   3.928735389800000E-01  -6.399990585000000E-05  -5.966612773600000E-02
  -1.381711231000000E+00   3.096464844100000E-01   1.009363828800000E+00   3.928735952300000E-01  -6.375994030700000E-05  -5.966588864200000E-02
  -1.381794108400000E+00   3.095683140100000E-01   1.009361983900000E+00   3.928720279700000E-01  -6.352090519100000E-05  -5.966564980800000E-02
  -1.381959308900000E+00   3.094117665600000E-01   1.009365099000000E+00   3.928746569000000E-01  -6.304380791300000E-05  -5.966517355900000E-02
  -1.382207789700000E+00   3.091771937000000E-01   1.009367170600000E+00   3.928753434100000E-01  -6.233457171600000E-05  -5.966445677800000E-02
  -1.382301698900000E+00   3.090894981100000E-01   1.009368369200000E+00   3.928740703200000E-01  -6.207072268500000E-05  -5.966418574300000E-02
  -1.382395165400000E+00   3.090016378500000E-01   1.009368751300000E+00   3.928728061500000E-01  -6.180730695000000E-05  -5.966391590800000E-02
  -1.382486536000000E+00   3.089129980400000E-01   1.009368562500000E+00   3.928717489800000E-01  -6.154247284600000E-05  -5.966365205100000E-02
  -1.382587066000000E+00   3.088155152100000E-01   1.009368222500000E+00   3.928702188200000E-01  -6.125234180400000E-05  -5.966336166000000E-02
  -1.382687870800000E+00   3.087181307900000E-01   1.009367699900000E+00   3.928683272700000E-01  -6.096365636800000E-05  -5.966307038700000E-02
  -1.382790587000000E+00   3.086214375100000E-01   1.009367208300000E+00   3.928667170200000E-01  -6.067843934900000E-05  -5.966277350000000E-02
  -1.382893200400000E+00   3.085247146900000E-01   1.009366630300000E+00   3.928658416100000E-01  -6.039412279500000E-05  -5.966247681700000E-02
  -1.382997382800000E+00   3.084285732500000E-01   1.009366042200000E+00   3.928670382900000E-01  -6.011291111000000E-05  -5.966217550600000E-02
  -1.383034957100000E+00   3.083919561700000E-01   1.009365546000000E+00   3.928675222000000E-01  -6.000567225900000E-05  -5.966206681200000E-02
  -1.383091233800000E+00   3.083370227600000E-01   1.009365093100000E+00   3.928683635400000E-01  -5.984545735900000E-05  -5.966190399400000E-02
  -1.383204348500000E+00   3.082273564300000E-01   1.009364507200000E+00   3.928696732200000E-01  -5.952671025300000E-05  -5.966157664900000E-02
  -1.383432009900000E+00   3.080085388900000E-01   1.009363979200000E+00   3.928709078800000E-01  -5.889267089100000E-05  -5.966091747800000E-02
  -1.383603019900000E+00   3.078445214400000E-01   1.009362132300000E+00   3.928716747200000E-01  -5.842059221900000E-05  -5.966042204000000E-02
  -1.383861065500000E+00   3.075990499600000E-01   1.009359894200000E+00   3.928721321900000E-01  -5.771906744500000E-05  -5.965967396900000E-02
  -1.384120655500000E+00   3.073541444700000E-01   1.009362389100000E+00   3.928716282100000E-01  -5.702667152700000E-05  -5.965892083400000E-02
  -1.384626601200000E+00   3.068594198600000E-01   1.009361189500000E+00   3.928703849500000E-01  -5.564675234800000E-05  -5.965745127600000E-02
  -1.385136612700000E+00   3.063662180100000E-01   1.009355353400000E+00   3.928647285100000E-01  -5.429941355100000E-05  -5.965596766200000E-02
  -1.385518430600000E+00   3.059960642000000E-01   1.009364553800000E+00   3.928673906400000E-01  -5.330675121500000E-05  -5.965485548300000E-02
  -1.385589503200000E+00   3.059264729300000E-01   1.009364427400000E+00   3.928682401600000E-01  -5.312215092700000E-05  -5.965464832000000E-02
  -1.385692662600000E+00   3.058208554400000E-01   1.009364163200000E+00   3.928680170700000E-01  -5.284060577900000E-05  -5.965434755100000E-02
  -1.385810993600000E+00   3.057063623000000E-01   1.009363818900000E+00   3.928681983800000E-01  -5.253912777100000E-05  -5.965400243500000E-02
  -1.385929799700000E+00   3.055920891600000E-01   1.009361367200000E+00   3.928667503200000E-01  -5.223879584300000E-05  -5.965365581200000E-02
  -1.386048955700000E+00   3.054779429600000E-01   1.009358992300000E+00   3.928670342900000E-01  -5.194071174400000E-05  -5.965330804300000E-02
  -1.386280443300000E+00   3.052471571400000E-01   1.009353960800000E+00   3.928638502200000E-01  -5.134075707900000E-05  -5.965263207400000E-02
  -1.386631106500000E+00   3.049022485500000E-01   1.009358212300000E+00   3.928582388600000E-01  -5.045526276600000E-05  -5.965160721300000E-02
  -1.386981772100000E+00   3.045573414400000E-01   1.009361653600000E+00   3.928615648800000E-01  -4.958244146000000E-05  -5.965058128100000E-02
  -1.387510164000000E+00   3.040408160600000E-01   1.009362566600000E+00   3.928648912400000E-01  -4.829811646000000E-05  -5.964903336700000E-02
  -1.387905090800000E+00   3.036529240000000E-01   1.009361248100000E+00   3.928640867500000E-01  -4.735207061100000E-05  -5.964787485900000E-02
  -1.387977388900000E+00   3.035795706300000E-01   1.009360452400000E+00   3.928637980200000E-01  -4.717493248700000E-05  -5.964766262800000E-02
  -1.388057146100000E+00   3.034989717000000E-01   1.009360491600000E+00   3.928637924900000E-01  -4.698090558900000E-05  -5.964742844900000E-02
  -1.388216870200000E+00   3.033378455100000E-01   1.009358636000000E+00   3.928624342000000E-01  -4.659437113800000E-05  -5.964695930700000E-02
  -1.388298541700000E+00   3.032579088600000E-01   1.009358228800000E+00   3.928618196700000E-01  -4.640400095800000E-05  -5.964671933800000E-02
  -1.388380235300000E+00   3.031779895100000E-01   1.009356671500000E+00   3.928609470200000E-01  -4.621413033100000E-05  -5.964647924500000E-02
  -1.388544906700000E+00   3.030186086500000E-01   1.009352505200000E+00   3.928587709500000E-01  -4.583731119600000E-05  -5.964599511000000E-02
  -1.388666719400000E+00   3.028984627800000E-01   1.009352466500000E+00   3.928581210600000E-01  -4.555513245500000E-05  -5.964563682800000E-02
  -1.388727360500000E+00   3.028382983600000E-01   1.009351707200000E+00   3.928586568200000E-01  -4.541444530400000E-05  -5.964545842000000E-02
  -1.388844006300000E+00   3.027163354000000E-01   1.009352952500000E+00   3.928562520200000E-01  -4.512932089900000E-05  -5.964511515400000E-02
  -1.388972442500000E+00   3.025822636000000E-01   1.009354684400000E+00   3.928536998000000E-01  -4.481776485800000E-05  -5.964473705500000E-02
  -1.389107073400000E+00   3.024502644500000E-01   1.009356236400000E+00   3.928552000100000E-01  -4.451335139500000E-05  -5.964434056800000E-02
  -1.389241881500000E+00   3.023183955200000E-01   1.009356921600000E+00   3.928563449300000E-01  -4.421091972000000E-05  -5.964394340000000E-02
  -1.389512064800000E+00   3.020548571300000E-01   1.009357979600000E+00   3.928589943000000E-01  -4.361137027100000E-05  -5.964314692300000E-02
  -1.389896106000000E+00   3.016519267900000E-01   1.009358986700000E+00   3.928603336000000E-01  -4.270553167200000E-05  -5.964201371600000E-02
  -1.389944739800000E+00   3.016018031600000E-01   1.009359039500000E+00   3.928589778300000E-01  -4.259435452900000E-05  -5.964187012000000E-02
  -1.389994314900000E+00   3.015520007300000E-01   1.009359259600000E+00   3.928595921700000E-01  -4.248393085600000E-05  -5.964172372200000E-02
  -1.390047038200000E+00   3.015032981500000E-01   1.009359104900000E+00   3.928592967700000E-01  -4.237639486100000E-05  -5.964156800500000E-02
  -1.390105366600000E+00   3.014499048200000E-01   1.009359136900000E+00   3.928594241500000E-01  -4.225882875200000E-05  -5.964139570600000E-02
  -1.390121478900000E+00   3.014352493600000E-01   1.009359049400000E+00   3.928591506000000E-01  -4.222664478400000E-05  -5.964134810500000E-02
  -1.390152278700000E+00   3.014053900500000E-01   1.009359144300000E+00   3.928593996700000E-01  -4.216090620700000E-05  -5.964125710800000E-02
  -1.390171733700000E+00   3.013816931200000E-01   1.009358976200000E+00   3.928590789700000E-01  -4.210843097200000E-05  -5.964119962400000E-02
  -1.390190814600000E+00   3.013580248700000E-01   1.009359105300000E+00   3.928593451100000E-01  -4.205608012500000E-05  -5.964114324300000E-02
  -1.390210440400000E+00   3.013345104900000E-01   1.009358917000000E+00   3.928590200100000E-01  -4.200413000400000E-05  -5.964108524800000E-02
  -1.390238151400000E+00   3.013133526600000E-01   1.009359030100000E+00   3.928592597200000E-01  -4.195819615200000E-05  -5.964100335500000E-02
  -1.390251791800000E+00   3.013030189700000E-01   1.009358784100000E+00   3.928587261700000E-01  -4.193575087200000E-05  -5.964096304200000E-02
  -1.390264645200000E+00   3.012923208300000E-01   1.009359118100000E+00   3.928593953000000E-01  -4.191250694000000E-05  -5.964092505400000E-02
  -1.390272985500000E+00   3.012797385100000E-01   1.009358427200000E+00   3.928581283300000E-01  -4.188454798800000E-05  -5.964090040300000E-02
  -1.390281215100000E+00   3.012675665100000E-01   1.009359163100000E+00   3.928595619400000E-01  -4.185772205800000E-05  -5.964087607900000E-02
  -1.390288673500000E+00   3.012552135800000E-01   1.009359090800000E+00   3.928593800600000E-01  -4.183029706700000E-05  -5.964085403300000E-02
  -1.390301978400000E+00   3.012427046400000E-01   1.009358794100000E+00   3.928587939800000E-01  -4.180296103200000E-05  -5.964081470600000E-02
  -1.390321334600000E+00   3.012243485000000E-01   1.009358941800000E+00   3.928591338400000E-01  -4.176293153200000E-05  -5.964075748900000E-02
  -1.390360105000000E+00   3.011876579500000E-01   1.009357921400000E+00   3.928575829500000E-01  -4.168286925600000E-05  -5.964064287500000E-02
  -1.390436162900000E+00   3.011137282700000E-01   1.009358999700000E+00   3.928594624800000E-01  -4.152211571100000E-05  -5.964041799100000E-02
  -1.390550330000000E+00   3.010028729500000E-01   1.009358673700000E+00   3.928588966100000E-01  -4.128186980200000E-05  -5.964008033500000E-02
  -1.390605961600000E+00   3.009469218800000E-01   1.009358276800000E+00   3.928584551900000E-01  -4.116095983400000E-05  -5.963991576000000E-02
  -1.390690043700000E+00   3.008632292900000E-01   1.009357949500000E+00   3.928577343500000E-01  -4.098059915000000E-05  -5.963966697000000E-02
  -1.390783308900000E+00   3.007714405300000E-01   1.009357343700000E+00   3.928564908400000E-01  -4.078364944500000E-05  -5.963939093700000E-02
  -1.390877602400000E+00   3.006800183000000E-01   1.009356695700000E+00   3.928552228000000E-01  -4.058834472500000E-05  -5.963911178300000E-02
  -1.390922221600000E+00   3.006271239600000E-01   1.009356255500000E+00   3.928544863700000E-01  -4.047503295900000E-05  -5.963897966300000E-02
  -1.390968707900000E+00   3.005750203400000E-01   1.009355795100000E+00   3.928536506300000E-01  -4.036379963800000E-05  -5.963884199500000E-02
  -1.391040863200000E+00   3.004976466100000E-01   1.009355499300000E+00   3.928525768700000E-01  -4.019928630000000E-05  -5.963862827200000E-02
  -1.391120959800000E+00   3.004127908300000E-01   1.009355195200000E+00   3.928515687300000E-01  -4.001958997000000E-05  -5.963839097600000E-02
  -1.391291406200000E+00   3.002464629900000E-01   1.009354650700000E+00   3.928490361900000E-01  -3.967015121600000E-05  -5.963788582100000E-02
  -1.391377045400000E+00   3.001635211600000E-01   1.009353496400000E+00   3.928498190500000E-01  -3.949698149700000E-05  -5.963763191600000E-02
  -1.391464245200000E+00   3.000811433500000E-01   1.009352588000000E+00   3.928513643300000E-01  -3.932566827800000E-05  -5.963737331900000E-02
  -1.391498067800000E+00   3.000506702300000E-01   1.009352649100000E+00   3.928513688900000E-01  -3.926258337300000E-05  -5.963727299800000E-02
  -1.391509926700000E+00   3.000225719800000E-01   1.009352038100000E+00   3.928519058100000E-01  -3.920313717100000E-05  -5.963723782100000E-02
  -1.391522991700000E+00   2.999963402600000E-01   1.009352093400000E+00   3.928521775400000E-01  -3.914783771800000E-05  -5.963719906500000E-02
  -1.391526629200000E+00   2.999813158300000E-01   1.009352149700000E+00   3.928521510800000E-01  -3.911593434600000E-05  -5.963718827500000E-02
  -1.391527964900000E+00   2.999700541800000E-01   1.009351895800000E+00   3.928522605300000E-01  -3.909194380700000E-05  -5.963718431200000E-02
  -1.391560824100000E+00   2.999628503000000E-01   1.009351970500000E+00   3.928521588300000E-01  -3.907879412800000E-05  -5.963708683100000E-02
  -1.391574129500000E+00   2.999598119500000E-01   1.009352181900000E+00   3.928519606100000E-01  -3.907321523800000E-05  -5.963704735600000E-02
  -1.391577356500000E+00   2.999559206600000E-01   1.009351525000000E+00   3.928523462300000E-01  -3.906512249300000E-05  -5.963703778200000E-02
  -1.391581487100000E+00   2.999553506300000E-01   1.009351961600000E+00   3.928522810800000E-01  -3.906418135600000E-05  -5.963702552700000E-02
  -1.391581473100000E+00   2.999517354200000E-01   1.009351865900000E+00   3.928522036700000E-01  -3.905645430800000E-05  -5.963702556800000E-02
  -1.391581138100000E+00   2.999505499500000E-01   1.009351911300000E+00   3.928522008900000E-01  -3.905390072200000E-05  -5.963702656200000E-02
  -1.391580304300000E+00   2.999482284700000E-01   1.009351717800000E+00   3.928523175600000E-01  -3.904888468200000E-05  -5.963702903600000E-02
  -1.391578842700000E+00   2.999435634400000E-01   1.009351874000000E+00   3.928523383500000E-01  -3.903881585300000E-05  -5.963703337200000E-02
  -1.391584621800000E+00   2.999380772200000E-01   1.009351825900000E+00   3.928523613300000E-01  -3.902749715300000E-05  -5.963701622600000E-02
  -1.391591486100000E+00   2.999344423800000E-01   1.009351910200000E+00   3.928522405900000E-01  -3.902020638500000E-05  -5.963699586000000E-02
  -1.391598684700000E+00   2.999305741200000E-01   1.009351679200000E+00   3.928524127100000E-01  -3.901244141300000E-05  -5.963697450100000E-02
  -1.391609879000000E+00   2.999207373700000E-01   1.009351756400000E+00   3.928525215400000E-01  -3.899220908800000E-05  -5.963694128600000E-02
  -1.391615378600000E+00   2.999159890200000E-01   1.009351783500000E+00   3.928524335100000E-01  -3.898245645300000E-05  -5.963692496700000E-02
  -1.391618947100000E+00   2.999104571400000E-01   1.009351713800000E+00   3.928524992500000E-01  -3.897090236500000E-05  -5.963691437800000E-02
  -1.391624689200000E+00   2.999025135400000E-01   1.009351698500000E+00   3.928525980400000E-01  -3.895435264300000E-05  -5.963689734000000E-02
  -1.391631093300000E+00   2.998947439300000E-01   1.009351690700000E+00   3.928525620400000E-01  -3.893822590700000E-05  -5.963687833700000E-02
  -1.391643333100000E+00   2.998790652300000E-01   1.009351504600000E+00   3.928527969800000E-01  -3.890565655100000E-05  -5.963684201600000E-02
  -1.391652403700000E+00   2.998720308400000E-01   1.009351960200000E+00   3.928525226200000E-01  -3.889129490100000E-05  -5.963681509800000E-02
  -1.391665729300000E+00   2.998617567200000E-01   1.009351416900000E+00   3.928527021800000E-01  -3.887033872000000E-05  -5.963677555300000E-02
  -1.391678597800000E+00   2.998512745800000E-01   1.009351500000000E+00   3.928528795800000E-01  -3.884890918000000E-05  -5.963673736300000E-02
  -1.391687992800000E+00   2.998433068500000E-01   1.009351674900000E+00   3.928527567700000E-01  -3.883260141100000E-05  -5.963670948000000E-02
  -1.391692811400000E+00   2.998393740900000E-01   1.009351586800000E+00   3.928526956100000E-01  -3.882456961400000E-05  -5.963669517900000E-02
  -1.391703759000000E+00   2.998320736700000E-01   1.009351402000000E+00   3.928528390100000E-01  -3.880979653600000E-05  -5.963666268700000E-02
  -1.391698201200000E+00   2.998279243100000E-01   1.009351669200000E+00   3.928527531000000E-01  -3.880059437000000E-05  -5.963667918200000E-02
  -1.391697286500000E+00   2.998270819100000E-01   1.009351447200000E+00   3.928527649300000E-01  -3.879874802700000E-05  -5.963668189700000E-02
  -1.391695241100000E+00   2.998254917400000E-01   1.009351452100000E+00   3.928528759900000E-01  -3.879522676600000E-05  -5.963668796800000E-02
  -1.391700770200000E+00   2.998210966400000E-01   1.009351329600000E+00   3.928530335900000E-01  -3.878626417800000E-05  -5.963667155800000E-02
  -1.391699896500000E+00   2.998178994800000E-01   1.009351613300000E+00   3.928528962600000E-01  -3.877940844300000E-05  -5.963667415100000E-02
  -1.391706748700000E+00   2.998149382500000E-01   1.009351468200000E+00   3.928527900900000E-01  -3.877358909100000E-05  -5.963665381300000E-02
  -1.391709883800000E+00   2.998136604500000E-01   1.009351139000000E+00   3.928530821600000E-01  -3.877108947100000E-05  -5.963664450800000E-02
  -1.391716241300000E+00   2.998111837600000E-01   1.009351844300000E+00   3.928527677900000E-01  -3.876625621300000E-05  -5.963662563900000E-02
  -1.391731933000000E+00   2.998089376300000E-01   1.009351407800000E+00   3.928526600400000E-01  -3.876256516600000E-05  -5.963657906300000E-02
  -1.391730561000000E+00   2.998054002300000E-01   1.009351186300000E+00   3.928530283300000E-01  -3.875496120100000E-05  -5.963658313500000E-02
  -1.391729846600000E+00   2.998054802800000E-01   1.009351670200000E+00   3.928528333900000E-01  -3.875507570000000E-05  -5.963658525600000E-02
  -1.391729745300000E+00   2.998053671200000E-01   1.009351621300000E+00   3.928526586200000E-01  -3.875483268400000E-05  -5.963658555600000E-02
  -1.391730064600000E+00   2.998051782500000E-01   1.009351251500000E+00   3.928528177800000E-01  -3.875445524600000E-05  -5.963658460900000E-02
  -1.391730269800000E+00   2.998052454800000E-01   1.009351524900000E+00   3.928528103300000E-01  -3.875460738200000E-05  -5.963658399900000E-02
  -1.391730145800000E+00   2.998054076100000E-01   1.009351423400000E+00   3.928528240100000E-01  -3.875494723600000E-05  -5.963658436800000E-02
  -1.391730543600000E+00   2.998055455300000E-01   1.009351375300000E+00   3.928528681100000E-01  -3.875526522900000E-05  -5.963658318700000E-02
  -1.391729895500000E+00   2.998062064600000E-01   1.009351458000000E+00   3.928528977200000E-01  -3.875662506800000E-05  -5.963658511100000E-02
  -1.391729000600000E+00   2.998059042300000E-01   1.009351514400000E+00   3.928527857000000E-01  -3.875591959300000E-05  -5.963658776700000E-02
  -1.391728159000000E+00   2.998067694400000E-01   1.009351527700000E+00   3.928527004600000E-01  -3.875770161100000E-05  -5.963659026500000E-02
  -1.391725891700000E+00   2.998060017600000E-01   1.009351211200000E+00   3.928529776800000E-01  -3.875591900200000E-05  -5.963659699400000E-02
  -1.391726033700000E+00   2.998058519000000E-01   1.009351599000000E+00   3.928528652900000E-01  -3.875560548200000E-05  -5.963659657300000E-02
  -1.391726413800000E+00   2.998059739500000E-01   1.009351533400000E+00   3.928526992900000E-01  -3.875589332600000E-05  -5.963659544500000E-02
  -1.391726807100000E+00   2.998055596500000E-01   1.009351282000000E+00   3.928528839900000E-01  -3.875504295800000E-05  -5.963659427700000E-02
  -1.391725522200000E+00   2.998051218600000E-01   1.009351497100000E+00   3.928528931600000E-01  -3.875402208000000E-05  -5.963659809100000E-02
  -1.391725556800000E+00   2.998050568200000E-01   1.009351430300000E+00   3.928528633700000E-01  -3.875388771800000E-05  -5.963659798800000E-02
  -1.391735827400000E+00   2.998069185500000E-01   1.009351490400000E+00   3.928527495400000E-01  -3.875854046500000E-05  -5.963656750300000E-02
  -1.391735714900000E+00   2.998072827800000E-01   1.009351475300000E+00   3.928526730300000E-01  -3.875930576400000E-05  -5.963656783700000E-02
  -1.391735037400000E+00   2.998072790900000E-01   1.009351283100000E+00   3.928528683300000E-01  -3.875925594700000E-05  -5.963656984800000E-02
  -1.391735037400000E+00   2.998072790900000E-01   1.009351519800000E+00   3.928528028900000E-01  -3.875925022100000E-05  -5.963656984800000E-02

