   5.062587823300000E+00   3.257778476600000E+00   7.745470060700000E-01   1.674147757100000E-01   3.502582891200000E+00   3.187590278100000E+00
   4.989882155200000E+00   3.209943867200000E+00   7.756736462800000E-01   1.686387781000000E-01   3.452932117000000E+00   3.139379416100000E+00
   4.917167693300000E+00   3.162145382000000E+00   7.768222705600000E-01   1.698865900300000E-01   3.403262455700000E+00   3.091175768700000E+00
   4.844444119400000E+00   3.114384576100000E+00   7.779942717900000E-01   1.711553231700000E-01   3.353570380400000E+00   3.042979586200000E+00
   4.771711098500000E+00   3.066663095000000E+00   7.791892796300000E-01   1.724472700500000E-01   3.303854875200000E+00   2.994791131300000E+00
   4.698968278100000E+00   3.018982681200000E+00   7.804093530700000E-01   1.737630740000000E-01   3.254116643700000E+00   2.946610680800000E+00
   4.626215287000000E+00   2.971345181500000E+00   7.816536069000000E-01   1.751025396300000E-01   3.204354943100000E+00   2.898438525600000E+00
   4.553451734000000E+00   2.923752554300000E+00   7.829239503099999E-01   1.764670632800000E-01   3.154568975200000E+00   2.850274972500000E+00
   4.480677206600000E+00   2.876206878500000E+00   7.842208816400000E-01   1.778571539200000E-01   3.104755927200000E+00   2.802120344900000E+00
   4.407891269400000E+00   2.828710362400000E+00   7.855465801300000E-01   1.792734139300000E-01   3.054918599400000E+00   2.753974983800000E+00
   4.335093463000000E+00   2.781265354200000E+00   7.868980172600000E-01   1.807174376200000E-01   3.005053984500000E+00   2.705839249200000E+00
   4.262283301700000E+00   2.733874352200000E+00   7.882814655500000E-01   1.821889309400000E-01   2.955163201400000E+00   2.657713521300000E+00
   4.189460272200000E+00   2.686540017800000E+00   7.896936329399999E-01   1.836890830900000E-01   2.905242559100000E+00   2.609598202400000E+00
   4.116623831300000E+00   2.639265187800000E+00   7.911368937300000E-01   1.852176612500000E-01   2.855293438900000E+00   2.561493717800000E+00
   4.043773403800000E+00   2.592052889200000E+00   7.926127853400000E-01   1.867796126500000E-01   2.805313806900000E+00   2.513400518000000E+00
   3.970908380400000E+00   2.544906355400000E+00   7.941212150100000E-01   1.883706708100000E-01   2.755302091400000E+00   2.465319080600000E+00
   3.898028114800000E+00   2.497829042800000E+00   7.956643375400000E-01   1.899950287200000E-01   2.705259103700000E+00   2.417249912000000E+00
   3.825131921100000E+00   2.450824650700000E+00   7.972444769300000E-01   1.916537209100000E-01   2.655183074300000E+00   2.369193549900000E+00
   3.752219071000000E+00   2.403897141900000E+00   7.988610875100000E-01   1.933457568500000E-01   2.605073923800000E+00   2.321150565700000E+00
   3.679288790000000E+00   2.357050766500000E+00   8.005150411700001E-01   1.950736880100000E-01   2.554928997100000E+00   2.273121567300000E+00
   3.606340254300000E+00   2.310290087200000E+00   8.022089871100000E-01   1.968376849600000E-01   2.504746733600000E+00   2.225107201800000E+00
   3.533372586500000E+00   2.263620007700000E+00   8.039441898300000E-01   1.986416889300000E-01   2.454529132700000E+00   2.177108159000000E+00
   3.460384851400000E+00   2.217045804800000E+00   8.057224863300000E-01   2.004845798600000E-01   2.404271403800000E+00   2.129125175000000E+00
   3.387376051300000E+00   2.170573162600000E+00   8.075444259800000E-01   2.023682979400000E-01   2.353973666700000E+00   2.081159035700000E+00
   3.314345120900000E+00   2.124208212000000E+00   8.094122632800000E-01   2.042929914900000E-01   2.303633433800000E+00   2.033210581900000E+00
   3.241290921100000E+00   2.077957573000000E+00   8.113276331900000E-01   2.062609264600000E-01   2.253251933200000E+00   1.985280713500000E+00
   3.168212233100000E+00   2.031828403600000E+00   8.132928201300000E-01   2.082771918300000E-01   2.202825800800000E+00   1.937370395300000E+00
   3.095107751300000E+00   1.985828452600000E+00   8.153091458200000E-01   2.103385855800000E-01   2.152353816200000E+00   1.889480662600000E+00
   3.021976075600000E+00   1.939966119600000E+00   8.173788797500000E-01   2.124482227200000E-01   2.101834144500000E+00   1.841612628300000E+00
   2.948815702700000E+00   1.894250521700000E+00   8.195047836900000E-01   2.146069926100000E-01   2.051266025300000E+00   1.793767489900000E+00
   2.875625016700000E+00   1.848691567600000E+00   8.216879884400000E-01   2.168196868000000E-01   2.000646188800000E+00   1.745946537900000E+00
   2.802402278800000E+00   1.803300041800000E+00   8.239323221900000E-01   2.190872400000000E-01   1.949974374600000E+00   1.698151165600000E+00
   2.729145614900000E+00   1.758087697400000E+00   8.262402903700000E-01   2.214112544900000E-01   1.899248219200000E+00   1.650382878800000E+00
   2.655853003500000E+00   1.713067361100000E+00   8.286133240400000E-01   2.237932052600000E-01   1.848464301200000E+00   1.602643308400000E+00
   2.582522260100000E+00   1.668253051000000E+00   8.310552691400001E-01   2.262364937700000E-01   1.797621991400000E+00   1.554934223000000E+00
   2.509151021500000E+00   1.623660108300000E+00   8.335690706700000E-01   2.287436146200000E-01   1.746719409500000E+00   1.507257544900000E+00
   2.435736727300000E+00   1.579305345900000E+00   8.361569431500000E-01   2.313166278700000E-01   1.695752652400000E+00   1.459615366700000E+00
   2.362276599400000E+00   1.535207213800000E+00   8.388247784200000E-01   2.339587583000000E-01   1.644721108800000E+00   1.412009971300000E+00
   2.288767618500000E+00   1.491385986600000E+00   8.415733311600000E-01   2.366723124800000E-01   1.593621171100000E+00   1.364443854300000E+00
   2.215206498500000E+00   1.447863971500000E+00   8.444076183900000E-01   2.394615872300000E-01   1.542449828200000E+00   1.316919750200000E+00
   2.141589656600000E+00   1.404665742600000E+00   8.473348484700000E-01   2.423290181500000E-01   1.491204671200000E+00   1.269440662000000E+00
   2.067913180100000E+00   1.361818401100000E+00   8.503545693300000E-01   2.452807906800000E-01   1.439881798100000E+00   1.222009896100000E+00
   1.994172788700000E+00   1.319351864900000E+00   8.534744800600000E-01   2.483160834500000E-01   1.388480484900000E+00   1.174631102700000E+00
   1.920363791200000E+00   1.277299188300000E+00   8.566975208199999E-01   2.514435220300000E-01   1.336995256400000E+00   1.127308323000000E+00
   1.846481036700000E+00   1.235696913400000E+00   8.600326472199999E-01   2.546644492200000E-01   1.285423185500000E+00   1.080046044500000E+00
   1.772518859300000E+00   1.194585450600000E+00   8.634833331600000E-01   2.579846641900000E-01   1.233760937700000E+00   1.032849267600000E+00
   1.698471014100000E+00   1.154009487100000E+00   8.670543745700000E-01   2.614096452800000E-01   1.182003683900000E+00   9.857235830600000E-01
   1.624330604900000E+00   1.114018414300000E+00   8.707553870900000E-01   2.649450390700000E-01   1.130148717600000E+00   9.386752660900000E-01
   1.550090002300000E+00   1.074666762800000E+00   8.745941566600000E-01   2.685936774400000E-01   1.078191798900000E+00   8.917113897900000E-01
   1.475740749100000E+00   1.036014625000000E+00   8.785756071800001E-01   2.723677616100000E-01   1.026127664300000E+00   8.448399628100000E-01
   1.401273454600000E+00   9.981280305400000E-01   8.827095205700000E-01   2.762685576400000E-01   9.739514147400000E-01   7.980700986800000E-01
   1.326677674800000E+00   9.610792279400000E-01   8.870036723600000E-01   2.803059533000000E-01   9.216600501600000E-01   7.514122257900000E-01
   1.251941779100000E+00   9.249467970800000E-01   8.914699071500000E-01   2.844872842800000E-01   8.692473931200000E-01   7.048783506900000E-01
   1.177052805900000E+00   8.898154857800000E-01   8.961194418000000E-01   2.888221763700000E-01   8.167085951800001E-01   6.584823924500000E-01
   1.101996309900000E+00   8.557756156600000E-01   9.009604126000000E-01   2.933173809700000E-01   7.640381211400000E-01   6.122406132200000E-01
   1.026756212900000E+00   8.229218359900000E-01   9.060076168000000E-01   2.979877924400000E-01   7.112318953500000E-01   5.661721815100000E-01
   9.513147532600000E-01   7.913509418700000E-01   9.112739140100000E-01   3.028443820100000E-01   6.582853336200000E-01   5.202999674800000E-01
   8.770062725000000E-01   7.616850466000000E-01   9.166766633600000E-01   3.078029621000000E-01   6.061437303400000E-01   4.754649693700000E-01
   8.092523183900000E-01   7.359406062800000E-01   9.217946281000000E-01   3.124886113100000E-01   5.586196309100000E-01   4.349204368900000E-01
   7.474784719499999E-01   7.135951345800000E-01   9.266290611700000E-01   3.169030558200000E-01   5.153160101199999E-01   3.982645827500000E-01
   6.911621890000000E-01   6.941807463900000E-01   9.311826986400000E-01   3.210525405400000E-01   4.758658784200000E-01   3.651321236800000E-01
   6.398278303400000E-01   6.772827552900000E-01   9.354608733100001E-01   3.249397668400000E-01   4.399371039900000E-01   3.351910761100000E-01
   5.930421737400000E-01   6.625372997000000E-01   9.394679174100000E-01   3.285812496200000E-01   4.072242951600000E-01   3.081398266500000E-01
   5.504103663300000E-01   6.496281413000000E-01   9.432114054800000E-01   3.319769803700000E-01   3.774483133200000E-01   2.837044518900000E-01
   5.115722776000000E-01   6.382828505100000E-01   9.467028614800000E-01   3.351451974400000E-01   3.503541783300000E-01   2.616362655700000E-01
   4.761992172000000E-01   6.282686158500000E-01   9.499473583600000E-01   3.380891047900000E-01   3.257076429900000E-01   2.417095733600000E-01
   4.439909837200000E-01   6.193879027700000E-01   9.529591655100000E-01   3.408195985500000E-01   3.032947040900000E-01   2.237196180400000E-01
   4.146732131000000E-01   6.114741521700000E-01   9.557477659100000E-01   3.433506449400000E-01   2.829206167300000E-01   2.074806995500000E-01
   3.879949986600000E-01   6.043876640900000E-01   9.583264622200000E-01   3.456913988300000E-01   2.644055241200000E-01   1.928244561800000E-01
   3.637267555600000E-01   5.980117680700000E-01   9.607041648000000E-01   3.478553883700000E-01   2.475854242100000E-01   1.795982943300000E-01
   3.416583068700000E-01   5.922493390000000E-01   9.628934510800000E-01   3.498479484200000E-01   2.323100612200000E-01   1.676639550700000E-01
   3.215971670000000E-01   5.870196888900000E-01   9.649088358000000E-01   3.516847891700000E-01   2.184422357200000E-01   1.568962073500000E-01
   3.033670035900000E-01   5.822558358200000E-01   9.667546379100000E-01   3.533731700400000E-01   2.058561267200000E-01   1.471816571800000E-01
   2.868062578400000E-01   5.779021381300000E-01   9.684521813800000E-01   3.549229921300000E-01   1.944369201600000E-01   1.384176638000000E-01
   2.717669051500000E-01   5.739122700400000E-01   9.700061122500000E-01   3.563451710300000E-01   1.840789422500000E-01   1.305113537000000E-01
   2.581133400800000E-01   5.702475080700000E-01   9.714252201600000E-01   3.576440354000000E-01   1.746864815400000E-01   1.233787239200000E-01
   2.457213699700000E-01   5.668752961700000E-01   9.727252208000000E-01   3.588386482500000E-01   1.661709596300000E-01   1.169438266900000E-01
   2.344773032200000E-01   5.637680562000000E-01   9.739078079000000E-01   3.599303925300000E-01   1.584522762000000E-01   1.111380278000000E-01
   2.242771203300000E-01   5.609022112599999E-01   9.749906383700000E-01   3.609234735200000E-01   1.514570378300000E-01   1.058993318300000E-01
   2.150257155400000E-01   5.582573929800000E-01   9.759730584100000E-01   3.618333034200000E-01   1.451181955500000E-01   1.011717675900000E-01
   2.066362004100000E-01   5.558158037599999E-01   9.768699834800000E-01   3.626667558700000E-01   1.393752768200000E-01   9.690482823799999E-02
   1.990292616000000E-01   5.535617088500000E-01   9.776873363300000E-01   3.634217370500000E-01   1.341721003200000E-01   9.305296076500000E-02
   1.921325640300000E-01   5.514810384200000E-01   9.784302497400000E-01   3.641125407700000E-01   1.294582303400000E-01   8.957509998400000E-02
   1.858801978900000E-01   5.495610754500000E-01   9.791087926599999E-01   3.647395865500000E-01   1.251879953500000E-01   8.643424357200000E-02
   1.802121623300000E-01   5.477902161400000E-01   9.797232403900000E-01   3.653117916700000E-01   1.213192862700000E-01   8.359706414100000E-02
   1.750738827800000E-01   5.461577881600000E-01   9.802811303700000E-01   3.658305300600000E-01   1.178142074400000E-01   8.103355509600001E-02
   1.704157627200000E-01   5.446539105500000E-01   9.807881870900000E-01   3.663024557000000E-01   1.146384959400000E-01   7.871670835100000E-02
   1.661927629400000E-01   5.432693912300000E-01   9.812508087800000E-01   3.667341160800000E-01   1.117610964900000E-01   7.662222019400000E-02
   1.623640122000000E-01   5.419956473300001E-01   9.816666276800000E-01   3.671260842000000E-01   1.091535572300000E-01   7.472822440800000E-02
   1.588924694300000E-01   5.408246562800000E-01   9.820468065100000E-01   3.674797966900000E-01   1.067902400600000E-01   7.301506226300000E-02
   1.565832194900000E-01   5.400368341800000E-01   9.822997626000000E-01   3.677180876900000E-01   1.052185939700000E-01   7.187767826200001E-02
   1.550460791200000E-01   5.395083425400000E-01   9.824715462500000E-01   3.678774294800000E-01   1.041728917000000E-01   7.112156823500000E-02
   1.536503618900000E-01   5.390255726800000E-01   9.826256209699999E-01   3.680197838200000E-01   1.032235633700000E-01   7.043570891400000E-02
   1.523829539300000E-01   5.385847400100000E-01   9.827646808100000E-01   3.681471445800000E-01   1.023615862600000E-01   6.981346926300000E-02
   1.515387848300000E-01   5.382898058800000E-01   9.828569232000000E-01   3.682356092300000E-01   1.017875418600000E-01   6.939932206600000E-02
   1.509763527000000E-01   5.380927131000000E-01   9.829180019900000E-01   3.682954787300000E-01   1.014051257700000E-01   6.912352846600001E-02
   1.506015535500000E-01   5.379611078099999E-01   9.829590952700000E-01   3.683346021900000E-01   1.011502962600000E-01   6.893980211100000E-02
   1.503517571300000E-01   5.378732770300000E-01   9.829862894800000E-01   3.683608050400000E-01   1.009804610800000E-01   6.881737859299999E-02
   1.501852572900000E-01   5.378146813100000E-01   9.830039822500000E-01   3.683781657900000E-01   1.008672560200000E-01   6.873578996599999E-02
   1.500742713600000E-01   5.377755987400000E-01   9.830147929300000E-01   3.683898872000000E-01   1.007917858400000E-01   6.868140962300000E-02
   1.500002867400000E-01   5.377495355700000E-01   9.830229463700000E-01   3.683974907000000E-01   1.007414811500000E-01   6.864516137200000E-02
   1.499263071500000E-01   5.377234656700000E-01   9.830310995300000E-01   3.684050872500000E-01   1.006911800900000E-01   6.860891743200000E-02
   1.498153470800000E-01   5.376843483100000E-01   9.830437444500000E-01   3.684166825400000E-01   1.006157702100000E-01   6.855455958400000E-02
   1.496489279200000E-01   5.376256441400000E-01   9.830630162600000E-01   3.684338418100000E-01   1.005026278300000E-01   6.847304094999999E-02
   1.493993461600000E-01   5.375375247700001E-01   9.830905687700000E-01   3.684596499100000E-01   1.003329660800000E-01   6.835080380300000E-02
   1.490250802000000E-01   5.374052027100000E-01   9.831307840800000E-01   3.684982469400000E-01   1.000785540000000E-01   6.816754026300000E-02
   1.484639228700000E-01   5.372063962400000E-01   9.831919442300000E-01   3.685557729700000E-01   9.969711399700000E-02   6.789285317300001E-02
   1.476227352600000E-01   5.369074544300000E-01   9.832860190000000E-01   3.686412596100000E-01   9.912539958600000E-02   6.748129356000000E-02
   1.463622054600000E-01   5.364573772700000E-01   9.834253101300000E-01   3.687698210600000E-01   9.826873308500000E-02   6.686502301800000E-02
   1.444742880400000E-01   5.357784577000000E-01   9.836354742700000E-01   3.689687716000000E-01   9.698599124000000E-02   6.594305329900001E-02
   1.424016904700000E-01   5.350262690499999E-01   9.838648127000000E-01   3.691803410900000E-01   9.557818117600000E-02   6.493232548000000E-02
   1.401269936700000E-01   5.341922032100000E-01   9.841131899600000E-01   3.694208059900000E-01   9.403343787700000E-02   6.382477927499999E-02
   1.376313188600000E-01   5.332664639500000E-01   9.843916120700000E-01   3.696790666600000E-01   9.233920601999999E-02   6.261174993099999E-02
   1.348942745900000E-01   5.322378624400000E-01   9.846942011000001E-01   3.699664518300000E-01   9.048175749300000E-02   6.128396634900000E-02
   1.318939227500000E-01   5.310935643600000E-01   9.850247717200000E-01   3.702763114900000E-01   8.844653236300000E-02   5.983156326600000E-02
   1.286067812900000E-01   5.298187790300000E-01   9.853934364300000E-01   3.706244289400000E-01   8.621761999200001E-02   5.824411705000000E-02
   1.250078905500000E-01   5.283963664500000E-01   9.857913640100000E-01   3.710030426500000E-01   8.377844147900000E-02   5.651071790000000E-02
   1.210709569400000E-01   5.268063572200000E-01   9.862321786700000E-01   3.714170917500000E-01   8.111171836099999E-02   5.462008813400000E-02
   1.167686365500000E-01   5.250253348700000E-01   9.867099327000000E-01   3.718713781500000E-01   7.819918935100000E-02   5.256077386900000E-02
   1.120730062700000E-01   5.230256597300000E-01   9.872343063400000E-01   3.723657702900000E-01   7.502256540200000E-02   5.032143489900000E-02
   1.069563187900000E-01   5.207744813400000E-01   9.878100771000000E-01   3.729126948000000E-01   7.156357599400000E-02   4.789127615000000E-02
   1.013921798300000E-01   5.182324763800000E-01   9.884317985900000E-01   3.735105240000000E-01   6.780522625000000E-02   4.526068174100000E-02
   9.999998995300000E-02   5.175799248600000E-01   9.885886129000000E-01   3.736555605300000E-01   6.686547335500000E-02   4.460449071600000E-02
   9.101922094200000E-02   5.131937663400000E-01   9.896020512100000E-01   3.746275493400000E-01   6.080767358800000E-02   4.039125855900000E-02
   8.227553694900000E-02   5.085871868700000E-01   9.905877591100000E-01   3.755785087000000E-01   5.491848129700000E-02   3.632307126200000E-02
   7.381490298800000E-02   5.037463562300000E-01   9.915441168200000E-01   3.765033485800000E-01   4.922856756900000E-02   3.241968491700000E-02
   6.568223872900000E-02   4.986567741900000E-01   9.924714324300000E-01   3.773963125800000E-01   4.376726129900000E-02   2.869960592000000E-02
   5.792592496600000E-02   4.933071268000000E-01   9.933545238300000E-01   3.782556622000000E-01   3.856651276400000E-02   2.518213810900000E-02
   5.059601832300000E-02   4.876907136200000E-01   9.941895536699999E-01   3.790753488300000E-01   3.365887147800000E-02   2.188652483800000E-02
   4.374156392400000E-02   4.818067975200000E-01   9.949738671900000E-01   3.798503524800000E-01   2.907626439000000E-02   1.883075530900000E-02
   3.740705378600000E-02   4.756616263200000E-01   9.956983729600000E-01   3.805666638200000E-01   2.484706222300000E-02   1.603008630900000E-02
   3.162850034800000E-02   4.692687526600000E-01   9.963581695800000E-01   3.812187515800000E-01   2.099422773900000E-02   1.349549931400000E-02
   2.642974409500000E-02   4.626484611900000E-01   9.969600706900000E-01   3.818192148900000E-01   1.753226133300000E-02   1.123235770600000E-02
   2.181980242800000E-02   4.558262754600000E-01   9.974895289000000E-01   3.823521656300000E-01   1.446591879800000E-02   9.239578850700000E-03
   1.779192862800000E-02   4.488307901400000E-01   9.979500649900001E-01   3.828179402000000E-01   1.178950093400000E-02   7.509552600300000E-03
   1.432437259700000E-02   4.416913509100000E-01   9.983501973800000E-01   3.832167837200000E-01   9.487503937100000E-03   6.028743899800000E-03
   1.138286507700000E-02   4.344359319000000E-01   9.986830893800001E-01   3.835629739800000E-01   7.536343525600000E-03   4.778940831800000E-03
   8.923852938100000E-03   4.270896534900000E-01   9.989727832500001E-01   3.838506101900000E-01   5.906361863500000E-03   3.738718733900000E-03
   6.897999458600000E-03   4.196739573200000E-01   9.992058193700000E-01   3.840834505400000E-01   4.564294176000000E-03   2.884921999700000E-03
   5.253516598800000E-03   4.122063623700000E-01   9.993952245000000E-01   3.842798453400000E-01   3.475385260900000E-03   2.194005224100000E-03
   4.558657154200000E-03   4.084610732800000E-01   9.994752391600000E-01   3.843622485000000E-01   3.015433796900000E-03   1.902651290000000E-03
   3.940028009100000E-03   4.047098409300000E-01   9.995463682100000E-01   3.844281821200000E-01   2.606006724300000E-03   1.643555814200000E-03
   3.657342607900000E-03   4.028319854000000E-01   9.995768660400000E-01   3.844610869400000E-01   2.418939463900000E-03   1.525253798500000E-03
   3.522252628500000E-03   4.018926461100000E-01   9.995918527600000E-01   3.844811816000000E-01   2.329548414800000E-03   1.468740285600000E-03
   3.379160614500000E-03   4.008641336800000E-01   9.996078031600000E-01   3.845014442700000E-01   2.234867258700000E-03   1.408893627500000E-03

