  -2.128427841800000E-01   6.770779490500000E-01   8.760693984500000E-01   2.620256976800000E-01  -1.131026198900000E-01  -9.877117931300000E-02
  -2.127015294500000E-01   6.750041946300001E-01   8.954795660100000E-01   2.823660065500000E-01  -1.084801641000000E-01  -9.868457971200000E-02
  -2.121116540200000E-01   6.718949800800000E-01   9.153737804500000E-01   3.031206168900000E-01  -1.028668029400000E-01  -9.832853205900000E-02
  -2.109934181400000E-01   6.681269798600000E-01   9.321586308299999E-01   3.205059708300000E-01  -9.718663083300000E-02  -9.766587047899999E-02
  -2.093107334900000E-01   6.637913270300000E-01   9.461760098699999E-01   3.348964299200000E-01  -9.152332048200000E-02  -9.668733460900000E-02
  -2.070728656700000E-01   6.590183022900000E-01   9.577585222500000E-01   3.466647537700000E-01  -8.597022202300000E-02  -9.541001458400000E-02
  -2.043333242700000E-01   6.539598406000000E-01   9.672335668199999E-01   3.561861478200000E-01  -8.061958595500000E-02  -9.387434750400001E-02
  -2.011803358800000E-01   6.487694909100000E-01   9.749216588900000E-01   3.638197362300000E-01  -7.554988982999999E-02  -9.213695144600000E-02
  -1.977216903500000E-01   6.435850582900000E-01   9.811190336900000E-01   3.698980191000000E-01  -7.081870030800000E-02  -9.026135559700001E-02
  -1.940689333000000E-01   6.385178436500000E-01   9.860958156600000E-01   3.747234002200000E-01  -6.645928618600000E-02  -8.830942795000001E-02
  -1.903250593300000E-01   6.336492251200000E-01   9.900889416400001E-01   3.785464998800000E-01  -6.248186526300000E-02  -8.633544321599999E-02
  -1.865773550700000E-01   6.290327334500000E-01   9.932975318700000E-01   3.815820555600000E-01  -5.888085406100000E-02  -8.438323172400000E-02
  -1.828948554200000E-01   6.246989601100000E-01   9.958782485200000E-01   3.839937040300000E-01  -5.563800071800000E-02  -8.248576656100000E-02
  -1.793289170200000E-01   6.206611574699999E-01   9.979590818600000E-01   3.859174052800000E-01  -5.272808354200000E-02  -8.066620826100000E-02
  -1.759154250700000E-01   6.169203125200000E-01   9.996521601700000E-01   3.874582688100000E-01  -5.012340317500000E-02  -7.893957519200000E-02
  -1.726775724500000E-01   6.134692255400001E-01   1.001028649600000E+00   3.887000133600000E-01  -4.779506417200000E-02  -7.731450837900000E-02
  -1.696286001200000E-01   6.102955581500000E-01   1.002155022100000E+00   3.896999776400000E-01  -4.571495233100000E-02  -7.579486297000000E-02
  -1.667742116000000E-01   6.073840032200000E-01   1.003080500500000E+00   3.905194596800000E-01  -4.385654300900000E-02  -7.438102739200000E-02
  -1.641145696800000E-01   6.047177757200000E-01   1.003849290600000E+00   3.911824121600000E-01  -4.219588573400000E-02  -7.307096275400000E-02
  -1.616458839800000E-01   6.022796070699999E-01   1.004483877100000E+00   3.917302849800000E-01  -4.071122699500000E-02  -7.186099517800000E-02
  -1.593616396100000E-01   6.000523890200000E-01   1.005016706900000E+00   3.921796078300000E-01  -3.938300911800000E-02  -7.074640560500001E-02
  -1.572535303000000E-01   5.980195758900000E-01   1.005459626300000E+00   3.925526184000000E-01  -3.819380677800000E-02  -6.972186104500000E-02
  -1.553121561500000E-01   5.961654226400001E-01   1.005835271600000E+00   3.928643061000000E-01  -3.712817232700000E-02  -6.878172482900000E-02
  -1.535275664000000E-01   5.944751409600000E-01   1.006154721600000E+00   3.931242561600000E-01  -3.617229012500000E-02  -6.792028969100000E-02
  -1.523277997100000E-01   5.933459602400000E-01   1.006354601800000E+00   3.932826242300000E-01  -3.554191818300000E-02  -6.734261420900001E-02
  -1.515236145300000E-01   5.925921798800000E-01   1.006482833100000E+00   3.933867179600000E-01  -3.512479924000000E-02  -6.695605357200000E-02
  -1.509855978400000E-01   5.920892295600000E-01   1.006565708200000E+00   3.934533905600000E-01  -3.484812042000000E-02  -6.669772277800000E-02
  -1.506260892600000E-01   5.917537414300000E-01   1.006619924800000E+00   3.934959974000000E-01  -3.466428566100000E-02  -6.652523033100000E-02
  -1.503860507800000E-01   5.915300000900000E-01   1.006655598600000E+00   3.935236553200000E-01  -3.454200856200000E-02  -6.641011606600000E-02
  -1.502258634100000E-01   5.913808027400000E-01   1.006679214900000E+00   3.935416060200000E-01  -3.446061483100000E-02  -6.633332069099999E-02
  -1.501190001900000E-01   5.912813217300000E-01   1.006694818800000E+00   3.935534112200000E-01  -3.440640852600000E-02  -6.628210054300000E-02
  -1.500477262800000E-01   5.912149939300000E-01   1.006705252800000E+00   3.935603321000000E-01  -3.437031150900000E-02  -6.624794348800001E-02
  -1.500001962500000E-01   5.911707722300000E-01   1.006712162300000E+00   3.935660836900000E-01  -3.434624672800000E-02  -6.622516756000001E-02
  -1.499526549200000E-01   5.911265480100000E-01   1.006719057800000E+00   3.935718072500000E-01  -3.432219062800000E-02  -6.620238797399999E-02
  -1.498813220200000E-01   5.910602068900001E-01   1.006729341600000E+00   3.935791410800000E-01  -3.428610538400000E-02  -6.616821186000001E-02
  -1.497742751200000E-01   5.909606846300000E-01   1.006744793800000E+00   3.935907126700000E-01  -3.423203892500000E-02  -6.611693231599999E-02
  -1.496135986100000E-01   5.908113773600000E-01   1.006767786000000E+00   3.936097084100000E-01  -3.415102336000000E-02  -6.603997878600000E-02
  -1.493723456100000E-01   5.905873630500000E-01   1.006801994100000E+00   3.936377178800000E-01  -3.402968569600000E-02  -6.592447182800000E-02
  -1.490099334600000E-01   5.902512222300000E-01   1.006852644100000E+00   3.936786159000000E-01  -3.384809836800000E-02  -6.575104055800000E-02
  -1.484651272200000E-01   5.897467452900000E-01   1.006927075700000E+00   3.937372306500000E-01  -3.357666372100000E-02  -6.549051438200000E-02
  -1.476452805600000E-01   5.889894412800000E-01   1.007035468500000E+00   3.938202594000000E-01  -3.317164133300000E-02  -6.509888921600000E-02
  -1.464096969700000E-01   5.878521906600001E-01   1.007191149300000E+00   3.939373166800000E-01  -3.256893047800000E-02  -6.450962913000000E-02
  -1.445436462400000E-01   5.861434947600001E-01   1.007406187800000E+00   3.940997204600000E-01  -3.167577611500000E-02  -6.362183441700001E-02
  -1.424742013400000E-01   5.842602136800000E-01   1.007626756800000E+00   3.942604798600000E-01  -3.070855686700000E-02  -6.264022121200000E-02
  -1.401786228600000E-01   5.821843598400001E-01   1.007842045400000E+00   3.944150312800000E-01  -2.966313893500000E-02  -6.155488268900000E-02
  -1.376317082800000E-01   5.798960264200000E-01   1.008050736300000E+00   3.945534035200000E-01  -2.853555259000000E-02  -6.035495218000000E-02
  -1.348056502700000E-01   5.773731895699999E-01   1.008247482600000E+00   3.946791629600000E-01  -2.732288829200000E-02  -5.902857645600000E-02
  -1.316699042100000E-01   5.745914461800000E-01   1.008423143600000E+00   3.947806470400000E-01  -2.602251926300000E-02  -5.756289838800000E-02
  -1.281911158100000E-01   5.715236973500000E-01   1.008579782000000E+00   3.948520447700000E-01  -2.463292468700000E-02  -5.594407260400000E-02
  -1.243331487400000E-01   5.681397567900000E-01   1.008700972700000E+00   3.948862710400000E-01  -2.315337150500000E-02  -5.415733148000000E-02
  -1.200572662200000E-01   5.644058562900000E-01   1.008779797000000E+00   3.948732250400000E-01  -2.158586571100000E-02  -5.218712407700000E-02
  -1.153225531100000E-01   5.602840057000000E-01   1.008802902600000E+00   3.948052049200000E-01  -1.993408217900000E-02  -5.001736389300000E-02
  -1.100866998800000E-01   5.557311507800000E-01   1.008769374100000E+00   3.946678619900000E-01  -1.820413014000000E-02  -4.763183439800000E-02
  -1.043073365900000E-01   5.506980479700000E-01   1.008657607100000E+00   3.944556267000000E-01  -1.640627975400000E-02  -4.501482759800000E-02
  -9.794420289300000E-02   5.451277462500000E-01   1.008458484300000E+00   3.941583381300000E-01  -1.455469953600000E-02  -4.215212908000000E-02
  -9.096258710500001E-02   5.389535345399999E-01   1.008162277300000E+00   3.937577587900000E-01  -1.266878067900000E-02  -3.903251978800000E-02
  -8.333870865600000E-02   5.320961805300000E-01   1.007754378800000E+00   3.932442799300000E-01  -1.077394959500000E-02  -3.565005913700000E-02
  -7.506805447100000E-02   5.244602917600000E-01   1.007227394900000E+00   3.926254809000000E-01  -8.902446261999999E-03  -3.200754327000000E-02
  -6.617815550000000E-02   5.159297276700000E-01   1.006574904900000E+00   3.918807082600000E-01  -7.094928047900000E-03  -2.812171478700000E-02
  -5.674772246500000E-02   5.063623760200000E-01   1.005809631900000E+00   3.910278069800000E-01  -5.399172281900000E-03  -2.403095656200000E-02
  -4.779941585300000E-02   4.965789089800000E-01   1.005015227900000E+00   3.901606161600000E-01  -3.995072664400000E-03  -2.017744191500000E-02
  -3.945919537300000E-02   4.865624563300000E-01   1.004225161600000E+00   3.893081397200000E-01  -2.863629045200000E-03  -1.660909478700000E-02
  -3.184943358000000E-02   4.763063957700000E-01   1.003466152500000E+00   3.885075386200000E-01  -1.980525671400000E-03  -1.337192860300000E-02
  -2.507794157900000E-02   4.658190205200000E-01   1.002768264700000E+00   3.877673380000000E-01  -1.316617577100000E-03  -1.050568243500000E-02
  -1.922270646400000E-02   4.551245288000000E-01   1.002140757000000E+00   3.871118466500000E-01  -8.383881778700000E-04  -8.037739753500001E-03
  -1.431772439000000E-02   4.442601255900000E-01   1.001611275300000E+00   3.865617028900000E-01  -5.097245437400000E-04  -5.977561254100000E-03
  -1.034546879300000E-02   4.332695120900000E-01   1.001170390600000E+00   3.861078318500000E-01  -2.950603102100000E-04  -4.313855925800000E-03
  -7.239590334200000E-03   4.221950650300000E-01   1.000821832100000E+00   3.857458010500000E-01  -1.621105870200000E-04  -3.015893544500000E-03
  -4.896859297400000E-03   4.110717094500000E-01   1.000556389100000E+00   3.854755048400000E-01  -8.425291562200001E-05  -2.038498289900000E-03
  -3.193714833900000E-03   3.999242005600000E-01   1.000359570000000E+00   3.852696895100000E-01  -4.124308620300000E-05  -1.328817590200000E-03
  -2.002166052200000E-03   3.887682794300000E-01   1.000229106200000E+00   3.851363392800000E-01  -1.891398965000000E-05  -8.327480727800000E-04
  -1.203488124200000E-03   3.776408511000000E-01   1.000135218000000E+00   3.850413081800000E-01  -8.090846872300001E-06  -5.004391758000000E-04
  -6.883822977700000E-04   3.664839265500000E-01   1.000070768000000E+00   3.849692002600000E-01  -3.187317451600000E-06  -2.862016975900000E-04
  -5.106682610700000E-04   3.609168729600000E-01   1.000057030400000E+00   3.849575235300000E-01  -1.937310776000000E-06  -2.123040570500000E-04
  -5.104709432900000E-04   3.609096562100000E-01   1.000057797500000E+00   3.849575400800000E-01  -1.936122496400000E-06  -2.122220120800000E-04
  -4.374997479500000E-04   3.581326093000000E-01   1.000041623600000E+00   3.849505534200000E-01  -1.497074317200000E-06  -1.818811673900000E-04
  -4.042199337700000E-04   3.567336919300000E-01   1.000043352400000E+00   3.849418813700000E-01  -1.312145480400000E-06  -1.680441242300000E-04

