  -1.601041505000000E+00   1.729441903700000E-01   9.493880591500000E-01   3.527403171500000E-01   2.702979827300000E-01   8.937017330700001E-02
  -1.601041505000000E+00   1.729441903700000E-01   9.493875491900000E-01   3.527392011700000E-01   2.702988319200000E-01   8.937017330700001E-02
  -1.601071306300000E+00   1.729447233600000E-01   9.493903986300000E-01   3.527428328100000E-01   2.703000133200000E-01   8.936969851500000E-02
  -1.601101774000000E+00   1.729452683000000E-01   9.493909470300000E-01   3.527392168300000E-01   2.703013761400000E-01   8.936921307800000E-02
  -1.601131294300000E+00   1.729457963000000E-01   9.493911253800000E-01   3.527427125800000E-01   2.703025390000000E-01   8.936874270900000E-02
  -1.601162514500000E+00   1.729463547400000E-01   9.493893642600000E-01   3.527325674100000E-01   2.703032640000000E-01   8.936824522600000E-02
  -1.601192576300000E+00   1.729468924700000E-01   9.493848831300000E-01   3.527425884500000E-01   2.703050930400000E-01   8.936776617500000E-02
  -1.601222833700000E+00   1.729474337200000E-01   9.493905805900000E-01   3.527405795400000E-01   2.703063064800000E-01   8.936728398000000E-02
  -1.601250451000000E+00   1.729479277600000E-01   9.493904799900000E-01   3.527404068400000E-01   2.703075181500000E-01   8.936684383400000E-02
  -1.601277837000000E+00   1.729484176800000E-01   9.493858487200000E-01   3.527414998500000E-01   2.703086472400000E-01   8.936640735199999E-02
  -1.601305713700000E+00   1.729489164000000E-01   9.493879127100000E-01   3.527359945500000E-01   2.703093427400000E-01   8.936596302499999E-02
  -1.601332763100000E+00   1.729494003300000E-01   9.493809037900000E-01   3.527416675700000E-01   2.703109089900000E-01   8.936553186300000E-02
  -1.601357857600000E+00   1.729498493000000E-01   9.493806474699999E-01   3.527427708200000E-01   2.703118658400000E-01   8.936513184200000E-02
  -1.601383400300000E+00   1.729503063000000E-01   9.493811829400000E-01   3.527389121200000E-01   2.703130007300000E-01   8.936472465799999E-02
  -1.601408598000000E+00   1.729507571400000E-01   9.493849191800000E-01   3.527385476900000E-01   2.703139284300000E-01   8.936432295299999E-02
  -1.601433733200000E+00   1.729512068800000E-01   9.493809867500000E-01   3.527410746500000E-01   2.703150758500000E-01   8.936392222599999E-02
  -1.601456723600000E+00   1.729516182600000E-01   9.493773682300000E-01   3.527400837200000E-01   2.703159610000000E-01   8.936355567800000E-02
  -1.601477661800000E+00   1.729519929200000E-01   9.493864180900000E-01   3.527370324200000E-01   2.703166436600000E-01   8.936322183500001E-02
  -1.601496194400000E+00   1.729523245400000E-01   9.493814261400000E-01   3.527416337700000E-01   2.703176489800000E-01   8.936292633600000E-02
  -1.601513661300000E+00   1.729526371100000E-01   9.493901133500000E-01   3.527413265600000E-01   2.703181696200000E-01   8.936264781900000E-02
  -1.601530805000000E+00   1.729529438900000E-01   9.493894499700000E-01   3.527419138100000E-01   2.703190445000000E-01   8.936237444900000E-02
  -1.601564791000000E+00   1.729535520900000E-01   9.493900042200000E-01   3.527445926100000E-01   2.703204741800000E-01   8.936183248500000E-02
  -1.601599715200000E+00   1.729541771000000E-01   9.493899155200000E-01   3.527392924700000E-01   2.703218265500000E-01   8.936127552700000E-02
  -1.601634044800000E+00   1.729547914900000E-01   9.493898683000001E-01   3.527412612100000E-01   2.703233209100000E-01   8.936072801400000E-02
  -1.601668912800000E+00   1.729554155500000E-01   9.493896959600000E-01   3.527375280700000E-01   2.703244575800000E-01   8.936017187799999E-02
  -1.601703264700000E+00   1.729560303900000E-01   9.493870114100000E-01   3.527413278400000E-01   2.703261773600000E-01   8.935962393900000E-02
  -1.601738173400000E+00   1.729566552300000E-01   9.493869413600000E-01   3.527379457900000E-01   2.703271208000000E-01   8.935906708100000E-02
  -1.601772521200000E+00   1.729572700500000E-01   9.493845932000000E-01   3.527452179300000E-01   2.703290296800000E-01   8.935851913600000E-02
  -1.601806935200000E+00   1.729578860800000E-01   9.493894514900000E-01   3.527442516900000E-01   2.703304585700000E-01   8.935797009900000E-02
  -1.601841654600000E+00   1.729585076100000E-01   9.493893642200000E-01   3.527417867500000E-01   2.703318917300000E-01   8.935741615400000E-02
  -1.601876583300000E+00   1.729591329000000E-01   9.493885105099999E-01   3.527398280500000E-01   2.703332480800000E-01   8.935685883400001E-02
  -1.601911388100000E+00   1.729597560100000E-01   9.493858517800000E-01   3.527400722700000E-01   2.703346549900000E-01   8.935630345400000E-02
  -1.601946126000000E+00   1.729603779400000E-01   9.493856158600000E-01   3.527419736500000E-01   2.703361563700000E-01   8.935574910500001E-02
  -1.601980865700000E+00   1.729609999300000E-01   9.493884873000000E-01   3.527435682600000E-01   2.703376260100000E-01   8.935519469100001E-02
  -1.602015375200000E+00   1.729616178300000E-01   9.493883749599999E-01   3.527437556300000E-01   2.703389998200000E-01   8.935464391600000E-02
  -1.602050367100000E+00   1.729622443900000E-01   9.493846514900000E-01   3.527409072400000E-01   2.703403721300000E-01   8.935408540400000E-02
  -1.602085121800000E+00   1.729628667200000E-01   9.493832061300000E-01   3.527435162700000E-01   2.703418816500000E-01   8.935353064300000E-02
  -1.602119760400000E+00   1.729634870000000E-01   9.493856920900000E-01   3.527449552300000E-01   2.703432691400000E-01   8.935297769800001E-02
  -1.602154948100000E+00   1.729641171500000E-01   9.493849821400000E-01   3.527431933000000E-01   2.703448020800000E-01   8.935241595200000E-02
  -1.602189858300000E+00   1.729647423500000E-01   9.493832404100000E-01   3.527434535000000E-01   2.703462233900000E-01   8.935185859800000E-02
  -1.602224740200000E+00   1.729653670600000E-01   9.493833614100000E-01   3.527444894900000E-01   2.703476809600000E-01   8.935130166100000E-02
  -1.602259758500000E+00   1.729659942500000E-01   9.493840252900000E-01   3.527444142400000E-01   2.703491244900000E-01   8.935074250900001E-02
  -1.602294805900000E+00   1.729666219800000E-01   9.493834181600000E-01   3.527444061100000E-01   2.703505692800000E-01   8.935018285500000E-02
  -1.602329887500000E+00   1.729672503600000E-01   9.493821348100000E-01   3.527442829800000E-01   2.703520102100000E-01   8.934962261899999E-02
  -1.602364908500000E+00   1.729678776700000E-01   9.493815215500000E-01   3.527448842400000E-01   2.703534579200000E-01   8.934906331400000E-02
  -1.602400003000000E+00   1.729685063300000E-01   9.493808809399999E-01   3.527450865900000E-01   2.703549039300000E-01   8.934850279600000E-02
  -1.602435165700000E+00   1.729691362300000E-01   9.493793620900000E-01   3.527448918400000E-01   2.703563535400000E-01   8.934794115399999E-02
  -1.602470273900000E+00   1.729697651900000E-01   9.493785391400000E-01   3.527451671400000E-01   2.703577991000000E-01   8.934738034500000E-02
  -1.602505444900000E+00   1.729703952900000E-01   9.493781579000000E-01   3.527456515100000E-01   2.703592500200000E-01   8.934681849499999E-02
  -1.602540618600000E+00   1.729710254700000E-01   9.493765893400000E-01   3.527459335400000E-01   2.703606913100000E-01   8.934625656700000E-02
  -1.602575900900000E+00   1.729716576300000E-01   9.493781065800000E-01   3.527455606000000E-01   2.703621532700000E-01   8.934569286500001E-02
  -1.602611086900000E+00   1.729722880800000E-01   9.493783419700000E-01   3.527461802300000E-01   2.703636025000000E-01   8.934513066499999E-02
  -1.602646366700000E+00   1.729729202400000E-01   9.493760380300000E-01   3.527469922300000E-01   2.703650426000000E-01   8.934456692800000E-02
  -1.602681751800000E+00   1.729735543200000E-01   9.493755917300000E-01   3.527466295000000E-01   2.703665059600000E-01   8.934400147200000E-02
  -1.602717121100000E+00   1.729741881300000E-01   9.493753799400000E-01   3.527450626000000E-01   2.703679025400000E-01   8.934343623100000E-02
  -1.602752642100000E+00   1.729748247000000E-01   9.493861592400000E-01   3.527472912900000E-01   2.703676525200000E-01   8.934286852800000E-02
  -1.602787753600000E+00   1.729754539500000E-01   9.493526845200000E-01   3.527490245700000E-01   2.703684586200000E-01   8.934230733200001E-02
  -1.602823243300000E+00   1.729760900000000E-01   9.493852145100000E-01   3.527419834800000E-01   2.703718132400000E-01   8.934174005499999E-02
  -1.602858653800000E+00   1.729767246700000E-01   9.493813244000000E-01   3.527492620400000E-01   2.703735983200000E-01   8.934117400500000E-02
  -1.602893687900000E+00   1.729773526100000E-01   9.493570313200000E-01   3.527493860200000E-01   2.703737809000000E-01   8.934061393499999E-02
  -1.602926402100000E+00   1.729779390000000E-01   9.493855821100000E-01   3.527457652800000E-01   2.703759722200000E-01   8.934009091900000E-02
  -1.602957874500000E+00   1.729785031500000E-01   9.493723041800000E-01   3.527491686700000E-01   2.703777942900000E-01   8.933958772500000E-02
  -1.602990731500000E+00   1.729790921400000E-01   9.493791307200000E-01   3.527496990900000E-01   2.703775177600000E-01   8.933906236300000E-02
  -1.603023352100000E+00   1.729796769100000E-01   9.493818399400000E-01   3.527405746800000E-01   2.703803084200000E-01   8.933854074899999E-02
  -1.603055654800000E+00   1.729802560100000E-01   9.493853789500000E-01   3.527498146800000E-01   2.703807193300000E-01   8.933802418600000E-02
  -1.603084601700000E+00   1.729807749700000E-01   9.493743952200000E-01   3.527500714100000E-01   2.703825226200000E-01   8.933756125900000E-02
  -1.603114423300000E+00   1.729813096300000E-01   9.493779633800000E-01   3.527498250200000E-01   2.703843262400000E-01   8.933708432000000E-02
  -1.603141002600000E+00   1.729817861700000E-01   9.493695881400001E-01   3.527499371100000E-01   2.703853033000000E-01   8.933665921200000E-02
  -1.603168085900000E+00   1.729822717700000E-01   9.493698388900000E-01   3.527490525200000E-01   2.703849940700000E-01   8.933622602100000E-02
  -1.603192568700000E+00   1.729827107500000E-01   9.493859009300000E-01   3.527503587500000E-01   2.703852348600000E-01   8.933583440400000E-02
  -1.603214467500000E+00   1.729831034100000E-01   9.493847892600000E-01   3.527504854500000E-01   2.703884693100000E-01   8.933548410700000E-02
  -1.603234432500000E+00   1.729834614100000E-01   9.493756261400000E-01   3.527482240100000E-01   2.703892900600000E-01   8.933516473000000E-02
  -1.603253094100000E+00   1.729837960400000E-01   9.493595324900000E-01   3.527501492400000E-01   2.703891150800000E-01   8.933486619100001E-02
  -1.603271472800000E+00   1.729841256100000E-01   9.493811891900000E-01   3.527470802100000E-01   2.703906114300000E-01   8.933457216900000E-02
  -1.603289767300000E+00   1.729844536700000E-01   9.493807663900000E-01   3.527505269000000E-01   2.703915219600000E-01   8.933427948400000E-02
  -1.603306211100000E+00   1.729847485500000E-01   9.493703547300000E-01   3.527507758300000E-01   2.703918781400000E-01   8.933401639900000E-02
  -1.603339501900000E+00   1.729853455700000E-01   9.493636019800000E-01   3.527508978400000E-01   2.703927812300000E-01   8.933348375200000E-02
  -1.603373157000000E+00   1.729859491400000E-01   9.493790591600000E-01   3.527507410200000E-01   2.703949095700000E-01   8.933294524400000E-02
  -1.603406413200000E+00   1.729865455800000E-01   9.493690446700001E-01   3.527510976600000E-01   2.703952854500000E-01   8.933241308300000E-02
  -1.603439317600000E+00   1.729871357400000E-01   9.493839661300000E-01   3.527510565000000E-01   2.703977279700000E-01   8.933188652000000E-02
  -1.603506665500000E+00   1.729883437200000E-01   9.493843271500000E-01   3.527480472600000E-01   2.704003010000000E-01   8.933080866400001E-02
  -1.603573719500000E+00   1.729895465400000E-01   9.493842048400000E-01   3.527493147800000E-01   2.704032154300000E-01   8.932973537600000E-02
  -1.603641010200000E+00   1.729907536900000E-01   9.493841240000001E-01   3.527489484200000E-01   2.704059045200000E-01   8.932865816400000E-02
  -1.603708308200000E+00   1.729919610700000E-01   9.493838825299999E-01   3.527494541500000E-01   2.704087180300000E-01   8.932758069799999E-02
  -1.603775765300000E+00   1.729931714000000E-01   9.493839989900000E-01   3.527497482900000E-01   2.704114783000000E-01   8.932650054900000E-02
  -1.603843201600000E+00   1.729943814600000E-01   9.493834880299999E-01   3.527499509700000E-01   2.704142603700000E-01   8.932542059699999E-02
  -1.603910836600000E+00   1.729955951800000E-01   9.493835912400000E-01   3.527506545900000E-01   2.704170780300000E-01   8.932433732599999E-02
  -1.603978495400000E+00   1.729968094300000E-01   9.493831967700000E-01   3.527510643700000E-01   2.704198436100000E-01   8.932325353600000E-02
  -1.604046175100000E+00   1.729980241400000E-01   9.493829518500000E-01   3.527517659500000E-01   2.704227154300000E-01   8.932216927400000E-02
  -1.604114182400000E+00   1.729992448400000E-01   9.493831417700000E-01   3.527521157400000E-01   2.704254297400000E-01   8.932107962600000E-02
  -1.604181990800000E+00   1.730004620600000E-01   9.493816192600000E-01   3.527530837400000E-01   2.704283194400000E-01   8.931999302500000E-02
  -1.604250171600000E+00   1.730016860700000E-01   9.493831175800000E-01   3.527529533500000E-01   2.704311280400000E-01   8.931890032000001E-02
  -1.604318316800000E+00   1.730029095400000E-01   9.493810221300000E-01   3.527538314600000E-01   2.704337591400000E-01   8.931780804400000E-02
  -1.604386525700000E+00   1.730041342500000E-01   9.493830710700000E-01   3.527543208800000E-01   2.704363433200000E-01   8.931671460800000E-02
  -1.604454860500000E+00   1.730053613300000E-01   9.493797412400000E-01   3.527511369100000E-01   2.704392121200000E-01   8.931561901399999E-02
  -1.604523342600000E+00   1.730065911400000E-01   9.493824709599999E-01   3.527550187100000E-01   2.704422015500000E-01   8.931452091700000E-02
  -1.604591682200000E+00   1.730078185000000E-01   9.493818798500000E-01   3.527547264500000E-01   2.704432468600000E-01   8.931342496500000E-02
  -1.604660593700000E+00   1.730090562300000E-01   9.493748394900000E-01   3.527534457100000E-01   2.704479826500000E-01   8.931231970000000E-02
  -1.604729259500000E+00   1.730102896500000E-01   9.493766128500000E-01   3.527558034000000E-01   2.704507378100000E-01   8.931121823300001E-02
  -1.604797975900000E+00   1.730115240800000E-01   9.493743663899999E-01   3.527555171500000E-01   2.704532665000000E-01   8.931011581300000E-02
  -1.604866939400000E+00   1.730127630500000E-01   9.493731021100000E-01   3.527563796300000E-01   2.704560402700000E-01   8.930900928600000E-02
  -1.604936029900000E+00   1.730140044000000E-01   9.493771631100000E-01   3.527555730600000E-01   2.704592070400000E-01   8.930790057900000E-02
  -1.605005104900000E+00   1.730152455800000E-01   9.493761624000000E-01   3.527562112500000E-01   2.704622139900000E-01   8.930679197600000E-02
  -1.605074288200000E+00   1.730164888000000E-01   9.493765352600000E-01   3.527571952500000E-01   2.704636379900000E-01   8.930568149400001E-02
  -1.605143859900000E+00   1.730177391100000E-01   9.493790354600000E-01   3.527521853800000E-01   2.704674202600000E-01   8.930456462899999E-02
  -1.605213178600000E+00   1.730189849700000E-01   9.493779731300001E-01   3.527571245800000E-01   2.704702746500000E-01   8.930345168300000E-02
  -1.605282428000000E+00   1.730202297000000E-01   9.493714843700000E-01   3.527562721600000E-01   2.704712279100000E-01   8.930233970500000E-02
  -1.605352383600000E+00   1.730214872100000E-01   9.493797070300000E-01   3.527557944700000E-01   2.704765121000000E-01   8.930121624200001E-02
  -1.605422119900000E+00   1.730227408900000E-01   9.493804269400000E-01   3.527583678300000E-01   2.704770464200000E-01   8.930009615400000E-02
  -1.605491872700000E+00   1.730239949800000E-01   9.493799453900000E-01   3.527583337100000E-01   2.704796019800000E-01   8.929897565300000E-02
  -1.605561892200000E+00   1.730252539600000E-01   9.493794808900000E-01   3.527573853500000E-01   2.704838726600000E-01   8.929785072200000E-02
  -1.605631830900000E+00   1.730265115900000E-01   9.493800091300000E-01   3.527591880700000E-01   2.704870355000000E-01   8.929672694300000E-02
  -1.605701688800000E+00   1.730277678800000E-01   9.493624955400000E-01   3.527530399700000E-01   2.704894887400000E-01   8.929560431300000E-02
  -1.605772136400000E+00   1.730290348700000E-01   9.493692730000000E-01   3.527597121900000E-01   2.704930000900000E-01   8.929447206100000E-02
  -1.605842558400000E+00   1.730303015200000E-01   9.493749746300000E-01   3.527576333900000E-01   2.704965307200000E-01   8.929334007000000E-02
  -1.605912945800000E+00   1.730315676400000E-01   9.493747560000000E-01   3.527593509200000E-01   2.704992275200000E-01   8.929220848600000E-02
  -1.605983481800000E+00   1.730328365500000E-01   9.493782872300000E-01   3.527595582000000E-01   2.705003326000000E-01   8.929107436399999E-02
  -1.606054164600000E+00   1.730341082000000E-01   9.493738264600000E-01   3.527601389000000E-01   2.705051316600000E-01   8.928993773100000E-02
  -1.606124862700000E+00   1.730353802400000E-01   9.493782647400000E-01   3.527604668600000E-01   2.705074788900000E-01   8.928880070100000E-02
  -1.606195442900000E+00   1.730366502600000E-01   9.493543652200001E-01   3.527556039600000E-01   2.705105992100000E-01   8.928766541900000E-02
  -1.606266611100000E+00   1.730379309700000E-01   9.493595883000000E-01   3.527600968100000E-01   2.705129711100000E-01   8.928652052500000E-02
  -1.606337707900000E+00   1.730392105000000E-01   9.493644213200000E-01   3.527606678600000E-01   2.705170293100000E-01   8.928537663000000E-02
  -1.606408847500000E+00   1.730404909100000E-01   9.493752757300000E-01   3.527619971100000E-01   2.705197211200000E-01   8.928423189199999E-02
  -1.606479939000000E+00   1.730417705700000E-01   9.493627276000000E-01   3.527587272300000E-01   2.705227701500000E-01   8.928308777900000E-02
  -1.606551406700000E+00   1.730430571000000E-01   9.493651171300000E-01   3.527604056800000E-01   2.705246778400000E-01   8.928193745599999E-02
  -1.606622927600000E+00   1.730443447100000E-01   9.493598104500000E-01   3.527619486600000E-01   2.705286593500000E-01   8.928078612199999E-02
  -1.606694484600000E+00   1.730456330700000E-01   9.493764364800000E-01   3.527613294500000E-01   2.705310184300000E-01   8.927963405500000E-02
  -1.606766012800000E+00   1.730469210200000E-01   9.493616481400000E-01   3.527597014700000E-01   2.705345428800000E-01   8.927848229700000E-02
  -1.606837899900000E+00   1.730482155500000E-01   9.493441366099999E-01   3.527615177900000E-01   2.705363809000000E-01   8.927732460500000E-02
  -1.606909803800000E+00   1.730495104900000E-01   9.493623420200000E-01   3.527636945000000E-01   2.705405524200000E-01   8.927616648500000E-02
  -1.606981778200000E+00   1.730508068200000E-01   9.493699571999999E-01   3.527639220500000E-01   2.705435225100000E-01   8.927500707500000E-02
  -1.607053840000000E+00   1.730521048200000E-01   9.493629889100000E-01   3.527630697400000E-01   2.705463634500000E-01   8.927384610200000E-02
  -1.607126052300000E+00   1.730534056500000E-01   9.493540484100000E-01   3.527629606600000E-01   2.705489819100000E-01   8.927268254600000E-02
  -1.607198367500000E+00   1.730547084500000E-01   9.493568305000000E-01   3.527644962300000E-01   2.705521905900000E-01   8.927151717500000E-02
  -1.607270776900000E+00   1.730560130500000E-01   9.493632599100000E-01   3.527650438400000E-01   2.705554211100000E-01   8.927035012800000E-02
  -1.607343272000000E+00   1.730573193200000E-01   9.493605782100000E-01   3.527653488400000E-01   2.705583215700000E-01   8.926918154200000E-02
  -1.607415904800000E+00   1.730586281700000E-01   9.493583634600000E-01   3.527655507300000E-01   2.705612102700000E-01   8.926801057700000E-02
  -1.607488655400000E+00   1.730599392700000E-01   9.493583985700000E-01   3.527657914000000E-01   2.705642365300000E-01   8.926683755500001E-02
  -1.607561470100000E+00   1.730612516300000E-01   9.493582826900000E-01   3.527658270200000E-01   2.705672374500000E-01   8.926566333800000E-02
  -1.607634407000000E+00   1.730625663100000E-01   9.493615155300000E-01   3.527661376600000E-01   2.705703480700000E-01   8.926448699200000E-02
  -1.607707467100000E+00   1.730638833200000E-01   9.493579360200000E-01   3.527658912600000E-01   2.705732335400000E-01   8.926330849700000E-02
  -1.607780619100000E+00   1.730652021100000E-01   9.493574495600000E-01   3.527663232600000E-01   2.705762332700000E-01   8.926212835900001E-02
  -1.607853892300000E+00   1.730665231900000E-01   9.493583997300000E-01   3.527668151100000E-01   2.705793002400000E-01   8.926094610500000E-02
  -1.607927260600000E+00   1.730678461100000E-01   9.493586505300000E-01   3.527670839600000E-01   2.705823150300000E-01   8.925976215299999E-02
  -1.608000746200000E+00   1.730691712600000E-01   9.493602852400000E-01   3.527670262200000E-01   2.705854085900000E-01   8.925857614500000E-02
  -1.608074322000000E+00   1.730704981500000E-01   9.493539588500000E-01   3.527669805200000E-01   2.705881999100000E-01   8.925738851900000E-02
  -1.608148041600000E+00   1.730718277500000E-01   9.493577599900000E-01   3.527680315200000E-01   2.705913782300000E-01   8.925619840900000E-02
  -1.608221840900000E+00   1.730731589000000E-01   9.493610955500000E-01   3.527680346600000E-01   2.705945298700000E-01   8.925500684700000E-02
  -1.608295756800000E+00   1.730744922800000E-01   9.493559090000000E-01   3.527672429100000E-01   2.705974294900000E-01   8.925381323900000E-02
  -1.608369780100000E+00   1.730758277100000E-01   9.493527225800000E-01   3.527684135000000E-01   2.706002783800000E-01   8.925261773100000E-02
  -1.608443944400000E+00   1.730771658000000E-01   9.493599516000000E-01   3.527692090700000E-01   2.706036248100000E-01   8.925141977900000E-02
  -1.608518171200000E+00   1.730785051400000E-01   9.493619050100000E-01   3.527681223800000E-01   2.706067561900000E-01   8.925022065400000E-02
  -1.608592514600000E+00   1.730798467000000E-01   9.493536265200000E-01   3.527678456100000E-01   2.706092351600000E-01   8.924901947699999E-02
  -1.608667017100000E+00   1.730811912500000E-01   9.493576086900000E-01   3.527700923600000E-01   2.706125124400000E-01   8.924781556100000E-02
  -1.608741598800000E+00   1.730825373500000E-01   9.493683618800000E-01   3.527698057100000E-01   2.706158233300000E-01   8.924661019900000E-02
  -1.608816265600000E+00   1.730838851100000E-01   9.493569551800000E-01   3.527658959100000E-01   2.706185186400000E-01   8.924540329400001E-02
  -1.608891088200000E+00   1.730852358000000E-01   9.493566905300000E-01   3.527708889400000E-01   2.706208658100000E-01   8.924419370099999E-02
  -1.608966021500000E+00   1.730865886100000E-01   9.493717253700000E-01   3.527711624400000E-01   2.706248077700000E-01   8.924298214900001E-02
  -1.609041025300000E+00   1.730879428100000E-01   9.493608095300000E-01   3.527618350100000E-01   2.706280733200000E-01   8.924176928900000E-02
  -1.609116170900000E+00   1.730892997000000E-01   9.493571803400001E-01   3.527717113000000E-01   2.706285222500000E-01   8.924055396300000E-02
  -1.609191459000000E+00   1.730906592700000E-01   9.493712668299999E-01   3.527706917200000E-01   2.706343870600000E-01   8.923933616300000E-02
  -1.609266774500000E+00   1.730920194700000E-01   9.493668330300000E-01   3.527564906300000E-01   2.706375295900000E-01   8.923811775000000E-02
  -1.609342249100000E+00   1.730933826600000E-01   9.493536536900000E-01   3.527710854200000E-01   2.706375037700000E-01   8.923689658900000E-02
  -1.609417949200000E+00   1.730947500500000E-01   9.493707480000000E-01   3.527723371800000E-01   2.706435823300000E-01   8.923567160699999E-02
  -1.609493515700000E+00   1.730961151500000E-01   9.493704808400000E-01   3.527690635400000E-01   2.706468667500000E-01   8.923444861500000E-02
  -1.609569363200000E+00   1.730974854500000E-01   9.493602001200000E-01   3.527723212200000E-01   2.706478920800000E-01   8.923322090100000E-02
  -1.609645358200000E+00   1.730988585300000E-01   9.493702068600000E-01   3.527731940500000E-01   2.706530077800000E-01   8.923199062800000E-02
  -1.609721321300000E+00   1.731002311700000E-01   9.493695940500000E-01   3.527700065600000E-01   2.706562381500000E-01   8.923076069400000E-02
  -1.609797507500000E+00   1.731016079600000E-01   9.493624729300000E-01   3.527726942000000E-01   2.706575999900000E-01   8.922952697300000E-02
  -1.609873849700000E+00   1.731029877000000E-01   9.493694327200000E-01   3.527742024600000E-01   2.706624795000000E-01   8.922829055200000E-02
  -1.609950161600000E+00   1.731043670100000E-01   9.493694567600000E-01   3.527744703400000E-01   2.706656481600000E-01   8.922705444300000E-02
  -1.610026689600000E+00   1.731057503600000E-01   9.493665185500000E-01   3.527743573200000E-01   2.706676334700000E-01   8.922581465800000E-02
  -1.610103367300000E+00   1.731071365400000E-01   9.493664058500000E-01   3.527749301800000E-01   2.706719170700000E-01   8.922457227100000E-02
  -1.610180042000000E+00   1.731085227900000E-01   9.493684038600000E-01   3.527735276400000E-01   2.706750951300000E-01   8.922332975500000E-02
  -1.610256962700000E+00   1.731099136200000E-01   9.493686897100000E-01   3.527745672900000E-01   2.706777009100000E-01   8.922208307200000E-02
  -1.610333940600000E+00   1.731113056000000E-01   9.493537355000000E-01   3.527753610800000E-01   2.706806126200000E-01   8.922083528499999E-02
  -1.610410936400000E+00   1.731126980400000E-01   9.493669838700000E-01   3.527731289700000E-01   2.706845187600000E-01   8.921958702700000E-02
  -1.610488181200000E+00   1.731140951200000E-01   9.493679283499999E-01   3.527752049600000E-01   2.706871013800000E-01   8.921833455400000E-02
  -1.610565558900000E+00   1.731154947200000E-01   9.493553373000000E-01   3.527747919900000E-01   2.706903903900000E-01   8.921707974400001E-02
  -1.610642879600000E+00   1.731168934200000E-01   9.493643124200000E-01   3.527688343600000E-01   2.706939956500000E-01   8.921582567600000E-02
  -1.610720500800000E+00   1.731182976900000E-01   9.493675908100000E-01   3.527747356000000E-01   2.706969350100000E-01   8.921456655399999E-02
  -1.610798208700000E+00   1.731197036600000E-01   9.493583625100001E-01   3.527770182800000E-01   2.706999317000000E-01   8.921330584400000E-02
  -1.610875917000000E+00   1.731211097600000E-01   9.493597258900000E-01   3.527636957600000E-01   2.707036407100000E-01   8.921204494399999E-02
  -1.610953854800000E+00   1.731225201500000E-01   9.493669124300000E-01   3.527728976500000E-01   2.707066624100000E-01   8.921078013600001E-02
  -1.611031950600000E+00   1.731239335300000E-01   9.493666856300000E-01   3.527769862300000E-01   2.707096907300000E-01   8.920951257900001E-02
  -1.611109997000000E+00   1.731253461500000E-01   9.493560988999999E-01   3.527657669200000E-01   2.707132808500000E-01   8.920824564000000E-02
  -1.611188306700000E+00   1.731267636700000E-01   9.493642949800000E-01   3.527728130700000E-01   2.707165223700000E-01   8.920697424200000E-02
  -1.611266780400000E+00   1.731281842800000E-01   9.493618060700000E-01   3.527794256200000E-01   2.707196280300000E-01   8.920569999500000E-02
  -1.611345177900000E+00   1.731296036500000E-01   9.493578892300000E-01   3.527683441700000E-01   2.707229494700000E-01   8.920442679800000E-02
  -1.611423943700000E+00   1.731310298200000E-01   9.493557792800000E-01   3.527772043400000E-01   2.707260275500000E-01   8.920314743500000E-02
  -1.611502772700000E+00   1.731324572700000E-01   9.493602808100000E-01   3.527750471000000E-01   2.707293665200000E-01   8.920186685400000E-02
  -1.611581401900000E+00   1.731338812400000E-01   9.493401397500000E-01   3.527612927200000E-01   2.707320523300000E-01   8.920058933300000E-02
  -1.611660454000000E+00   1.731353130000000E-01   9.493571413300000E-01   3.527755252700000E-01   2.707358734400000E-01   8.919930475300000E-02
  -1.611739628600000E+00   1.731367471100000E-01   9.493651150200000E-01   3.527795916200000E-01   2.707370582300000E-01   8.919801799099999E-02
  -1.611818839400000E+00   1.731381820200000E-01   9.493498278000000E-01   3.527643478200000E-01   2.707419169600000E-01   8.919673045199999E-02
  -1.611898224200000E+00   1.731396202100000E-01   9.493508041600000E-01   3.527817022200000E-01   2.707445783100000E-01   8.919543989299999E-02
  -1.611977639400000E+00   1.731410590900000E-01   9.493499621100000E-01   3.527766336500000E-01   2.707488725900000E-01   8.919414864800000E-02
  -1.612057211600000E+00   1.731425009500000E-01   9.493464344300000E-01   3.527614331500000E-01   2.707514778200000E-01   8.919285465900000E-02
  -1.612136954400000E+00   1.731439460400000E-01   9.493452101400000E-01   3.527825737200000E-01   2.707545316000000E-01   8.919155770499999E-02
  -1.612216935500000E+00   1.731453955900000E-01   9.493636657000000E-01   3.527827645400000E-01   2.707587054600000E-01   8.919025667900000E-02
  -1.612296783200000E+00   1.731468428600000E-01   9.493262307000000E-01   3.527788919400000E-01   2.707596644500000E-01   8.918895763100000E-02
  -1.612376855800000E+00   1.731482943400000E-01   9.493340856600000E-01   3.527809157700000E-01   2.707639281800000E-01   8.918765473000000E-02
  -1.612457042900000E+00   1.731497480400000E-01   9.493605031400000E-01   3.527827552500000E-01   2.707685351300000E-01   8.918634977000001E-02
  -1.612537432600000E+00   1.731512055500000E-01   9.493420709700000E-01   3.527838965800000E-01   2.707707497400000E-01   8.918504131900000E-02
  -1.612617791500000E+00   1.731526626400000E-01   9.493328946500000E-01   3.527773061100000E-01   2.707738459800000E-01   8.918373317099999E-02
  -1.612698365700000E+00   1.731541237700000E-01   9.493627481100000E-01   3.527844681200000E-01   2.707784435900000E-01   8.918242132300000E-02
  -1.612779145100000E+00   1.731555887700000E-01   9.493257368300000E-01   3.527847453200000E-01   2.707802256000000E-01   8.918110593500000E-02
  -1.612859991700000E+00   1.731570551300000E-01   9.493387493100000E-01   3.527851315000000E-01   2.707808462700000E-01   8.917978925599999E-02
  -1.612940869500000E+00   1.731585221900000E-01   9.493315784900000E-01   3.527834907900000E-01   2.707860808500000E-01   8.917847187000000E-02
  -1.613021964000000E+00   1.731599933300000E-01   9.493489295600001E-01   3.527855609500000E-01   2.707904278600000E-01   8.917715075500000E-02
  -1.613103197000000E+00   1.731614671300000E-01   9.493416793600000E-01   3.527860530000000E-01   2.707911067300000E-01   8.917582718300000E-02
  -1.613184557400000E+00   1.731629433800000E-01   9.493578790700000E-01   3.527862340300000E-01   2.707935765700000E-01   8.917450133400000E-02
  -1.613265945100000E+00   1.731644202600000E-01   9.493612232100000E-01   3.527858515000000E-01   2.707989151400000E-01   8.917317483900000E-02
  -1.613347524600000E+00   1.731659007700000E-01   9.493594887900000E-01   3.527866604100000E-01   2.708006289600000E-01   8.917184501600001E-02
  -1.613429254900000E+00   1.731673841700000E-01   9.493578793000000E-01   3.527869461200000E-01   2.708076068000000E-01   8.917051253300000E-02
  -1.613511066000000E+00   1.731688691700000E-01   9.493549251000000E-01   3.527875383600000E-01   2.708118135800000E-01   8.916917852900000E-02
  -1.613593025100000E+00   1.731703570100000E-01   9.493487719600000E-01   3.527862605800000E-01   2.708150543300000E-01   8.916784190800001E-02
  -1.613675162600000E+00   1.731718482300000E-01   9.493453325200000E-01   3.527867357100000E-01   2.708181638600000E-01   8.916650217400000E-02
  -1.613757337000000E+00   1.731733402700000E-01   9.493456879600000E-01   3.527882495100000E-01   2.708213155100000E-01   8.916516163100000E-02
  -1.613839737900000E+00   1.731748365700000E-01   9.493350856200000E-01   3.527847065800000E-01   2.708224167200000E-01   8.916381718700001E-02
  -1.613922174700000E+00   1.731763336600000E-01   9.493344264600000E-01   3.527883517600000E-01   2.708265870600000E-01   8.916247195099999E-02
  -1.614004824000000E+00   1.731778347700000E-01   9.493376568500000E-01   3.527831129700000E-01   2.708271759400000E-01   8.916112304000000E-02
  -1.614087545800000E+00   1.731793373300000E-01   9.493273608700000E-01   3.527873240300000E-01   2.708319398600000E-01   8.915977273800001E-02
  -1.614170432400000E+00   1.731808430500000E-01   9.493348366600000E-01   3.527846897900000E-01   2.708343914700000E-01   8.915841953700000E-02
  -1.614253452000000E+00   1.731823513200000E-01   9.493317702700000E-01   3.527865889900000E-01   2.708389340600000E-01   8.915706395500000E-02
  -1.614336597600000E+00   1.731838620400000E-01   9.493286162100000E-01   3.527880534100000E-01   2.708428467600000E-01   8.915570610500000E-02
  -1.614419863900000E+00   1.731853751000000E-01   9.493284823500000E-01   3.527887680500000E-01   2.708463491800000E-01   8.915434607400000E-02
  -1.614503262900000E+00   1.731868907200000E-01   9.493262357300000E-01   3.527892023300000E-01   2.708489986500000E-01   8.915298366299999E-02
  -1.614586783400000E+00   1.731884087000000E-01   9.493264919400000E-01   3.527891239000000E-01   2.708517235900000E-01   8.915161905700000E-02
  -1.614670444200000E+00   1.731899293800000E-01   9.493303905300000E-01   3.527878226000000E-01   2.708533275500000E-01   8.915025194400000E-02
  -1.614754236800000E+00   1.731914526100000E-01   9.493304505700000E-01   3.527875960700000E-01   2.708566710300000E-01   8.914888246500000E-02
  -1.614838168800000E+00   1.731929785300000E-01   9.493350741700000E-01   3.527854043300000E-01   2.708592168400000E-01   8.914751049100000E-02
  -1.614922236100000E+00   1.731945070600000E-01   9.493335729500000E-01   3.527866036700000E-01   2.708629170500000E-01   8.914613609100000E-02
  -1.615006434900000E+00   1.731960381400000E-01   9.493320590700000E-01   3.527876777700000E-01   2.708665860400000E-01   8.914475932700000E-02
  -1.615090765000000E+00   1.731975717600000E-01   9.493312622100000E-01   3.527882215900000E-01   2.708701577800000E-01   8.914338019900001E-02
  -1.615175222900000E+00   1.731991078500000E-01   9.493314118600000E-01   3.527883362700000E-01   2.708735500500000E-01   8.914199876400000E-02
  -1.615259822200000E+00   1.732006466800000E-01   9.493311614200000E-01   3.527886871900000E-01   2.708770175700000E-01   8.914061479600000E-02
  -1.615344550600000E+00   1.732021880000000E-01   9.493305632000000E-01   3.527892068700000E-01   2.708805595600000E-01   8.913922850000000E-02
  -1.615429423400000E+00   1.732037321200000E-01   9.493298501100000E-01   3.527897368800000E-01   2.708840933200000E-01   8.913783962000001E-02
  -1.615514411000000E+00   1.732052784700000E-01   9.493290207900000E-01   3.527898492100000E-01   2.708876787900000E-01   8.913644864299999E-02
  -1.615599537200000E+00   1.732068275100000E-01   9.493354504400000E-01   3.527870922600000E-01   2.708905291200000E-01   8.913505517600000E-02
  -1.615684812400000E+00   1.732083794100000E-01   9.493417677500000E-01   3.527910622900000E-01   2.708950017800000E-01   8.913365904800000E-02
  -1.615770215700000E+00   1.732099338100000E-01   9.493380441800000E-01   3.527894112900000E-01   2.708973544000000E-01   8.913226060100000E-02
  -1.615855776200000E+00   1.732114912300000E-01   9.493510217300000E-01   3.527938543900000E-01   2.709031328300000E-01   8.913085935600000E-02
  -1.615941470000000E+00   1.732130512300000E-01   9.493403050700000E-01   3.527889140400000E-01   2.709113672000000E-01   8.912945570500000E-02
  -1.616113309100000E+00   1.732161799300000E-01   9.493414556600001E-01   3.527897960400000E-01   2.709184382000000E-01   8.912664033200000E-02
  -1.616285713800000E+00   1.732193195800000E-01   9.493402773700000E-01   3.527903164800000E-01   2.709254336500000E-01   8.912381478600000E-02
  -1.616458671100000E+00   1.732224699400000E-01   9.493420623100000E-01   3.527936451700000E-01   2.709326811600000E-01   8.912097927100000E-02
  -1.616632181700000E+00   1.732256310300000E-01   9.493435244000000E-01   3.527947698900000E-01   2.709397821900000E-01   8.911813376500000E-02
  -1.616806257800000E+00   1.732288030900000E-01   9.493419171900001E-01   3.527967713800000E-01   2.709469942000000E-01   8.911527806400001E-02
  -1.616980891600000E+00   1.732319859700000E-01   9.493427748500000E-01   3.527976882900000E-01   2.709541579000000E-01   8.911241228100000E-02
  -1.617156089600000E+00   1.732351798000000E-01   9.493403522700000E-01   3.527985839200000E-01   2.709613561000000E-01   8.910953630100001E-02
  -1.617331856800000E+00   1.732383846800000E-01   9.493391769000000E-01   3.527990919400000E-01   2.709685563500000E-01   8.910665003600000E-02
  -1.617508187700000E+00   1.732416005200000E-01   9.493379600700000E-01   3.527995876500000E-01   2.709757857200000E-01   8.910375356399999E-02
  -1.617685098700000E+00   1.732448276100000E-01   9.493338469500000E-01   3.528002407700000E-01   2.709830339200000E-01   8.910084660500001E-02
  -1.617862581100000E+00   1.732480658200000E-01   9.493334667600000E-01   3.528003093000000E-01   2.709902695000000E-01   8.909792929500000E-02
  -1.618040647400000E+00   1.732513153700000E-01   9.493286383800000E-01   3.528008907100000E-01   2.709975772500000E-01   8.909500141600001E-02
  -1.618219292200000E+00   1.732545761700000E-01   9.493267022300000E-01   3.528008229900000E-01   2.710048705000000E-01   8.909206304900000E-02
  -1.618398519300000E+00   1.732578483000000E-01   9.493240576800001E-01   3.528007393400000E-01   2.710121702000000E-01   8.908911412100000E-02
  -1.618578336800000E+00   1.732611319200000E-01   9.493180027400000E-01   3.528009689400000E-01   2.710195467900000E-01   8.908615448800000E-02
  -1.618758743500000E+00   1.732644270000000E-01   9.493172357700000E-01   3.528000748800000E-01   2.710268466000000E-01   8.908318416100000E-02
  -1.618939744100000E+00   1.732677336500000E-01   9.493096408900000E-01   3.528002051800000E-01   2.710342644300000E-01   8.908020305100001E-02
  -1.619121343600000E+00   1.732710519500000E-01   9.493070384900000E-01   3.527990982200000E-01   2.710416313800000E-01   8.907721106600000E-02
  -1.619303535400000E+00   1.732743818000000E-01   9.493023740900000E-01   3.527997364500000E-01   2.710489926600000E-01   8.907420830500000E-02
  -1.619486338800000E+00   1.732777235600000E-01   9.493031808500000E-01   3.528033883900000E-01   2.710564773200000E-01   8.907119443700000E-02
  -1.619669738300000E+00   1.732810769600000E-01   9.493035482700000E-01   3.528021497800000E-01   2.710637735400000E-01   8.906816971000001E-02
  -1.619853752700000E+00   1.732844423300000E-01   9.493119200300000E-01   3.528062499600000E-01   2.710713216600000E-01   8.906513380000000E-02
  -1.620038377400000E+00   1.732878196100000E-01   9.493127644200000E-01   3.528060823800000E-01   2.710786581300000E-01   8.906208677400000E-02
  -1.620223614500000E+00   1.732912088400000E-01   9.493184121600000E-01   3.528083952500000E-01   2.710861243100000E-01   8.905902858799999E-02
  -1.620409468400000E+00   1.732946101100000E-01   9.493210893500000E-01   3.528098597100000E-01   2.710936332900000E-01   8.905595915400000E-02
  -1.620595945000000E+00   1.732980235400000E-01   9.493228768999999E-01   3.528100364400000E-01   2.711008384700000E-01   8.905287836700000E-02
  -1.620783047000000E+00   1.733014491800000E-01   9.493284016700000E-01   3.528127956100000E-01   2.711085672800000E-01   8.904978617100000E-02
  -1.620970771300000E+00   1.733048869900000E-01   9.493281981600000E-01   3.528126312500000E-01   2.711156718400000E-01   8.904668260400000E-02
  -1.621159128500000E+00   1.733083371600000E-01   9.493328956000000E-01   3.528147182100000E-01   2.711233232000000E-01   8.904356748099999E-02
  -1.621348116600000E+00   1.733117996700000E-01   9.493337405100000E-01   3.528153672200000E-01   2.711305826800000E-01   8.904044082199999E-02
  -1.621537741400000E+00   1.733152746400000E-01   9.493358877200000E-01   3.528164164100000E-01   2.711379444600000E-01   8.903730252000000E-02
  -1.621728008200000E+00   1.733187621600000E-01   9.493370213800000E-01   3.528172151700000E-01   2.711455126900000E-01   8.903415247599999E-02
  -1.621918916800000E+00   1.733222622400000E-01   9.493383919700000E-01   3.528179386500000E-01   2.711520753100000E-01   8.903099068200000E-02
  -1.622110471700000E+00   1.733257749700000E-01   9.493387961999999E-01   3.528184533200000E-01   2.711609400400000E-01   8.902781705100000E-02
  -1.622302674300000E+00   1.733293003900000E-01   9.493385328500000E-01   3.528193205900000E-01   2.711674639500000E-01   8.902463154699999E-02
  -1.622495533600000E+00   1.733328386700000E-01   9.493394000599999E-01   3.528184881300000E-01   2.711772405000000E-01   8.902143400699999E-02
  -1.622689042500000E+00   1.733363896900000E-01   9.493385551600000E-01   3.528204604000000E-01   2.711855681300000E-01   8.901822454100000E-02
  -1.622883214500000E+00   1.733399537100000E-01   9.493382385600000E-01   3.528195532100000E-01   2.711893669100000E-01   8.901500290800000E-02
  -1.623078053100000E+00   1.733435307900000E-01   9.493375449800000E-01   3.528198323900000E-01   2.712034843800000E-01   8.901176903999999E-02
  -1.623273552200000E+00   1.733471208400000E-01   9.493362392100000E-01   3.528198415800000E-01   2.712113230400000E-01   8.900852302499999E-02
  -1.623469722600000E+00   1.733507240600000E-01   9.493364938400000E-01   3.528186410100000E-01   2.712174391200000E-01   8.900526467200000E-02
  -1.623666560400000E+00   1.733543403900000E-01   9.493367014500000E-01   3.528195264900000E-01   2.712248624200000E-01   8.900199403000000E-02
  -1.623864090700000E+00   1.733579703000000E-01   9.493362490000000E-01   3.528234314500000E-01   2.712327623700000E-01   8.899871066999999E-02
  -1.624062289700000E+00   1.733616133500000E-01   9.493328966000000E-01   3.528181372200000E-01   2.712382520900000E-01   8.899541497600000E-02
  -1.624261170500000E+00   1.733652698100000E-01   9.493325568300000E-01   3.528167994300000E-01   2.712462800800000E-01   8.899210671500001E-02
  -1.624460738300000E+00   1.733689397800000E-01   9.493348157900000E-01   3.528251695200000E-01   2.712569344800000E-01   8.898878578699999E-02
  -1.624661005500000E+00   1.733726234800000E-01   9.493342460500001E-01   3.528265572300000E-01   2.712643998700000E-01   8.898545197400000E-02
  -1.624861961700000E+00   1.733763207500000E-01   9.493338812400000E-01   3.528272675300000E-01   2.712694527700000E-01   8.898210543300000E-02
  -1.625063619800000E+00   1.733800318300000E-01   9.493334417900000E-01   3.528275622100000E-01   2.712776599000000E-01   8.897874593700000E-02
  -1.625265976300000E+00   1.733837566600000E-01   9.493329489800000E-01   3.528280735100000E-01   2.712842428800000E-01   8.897537353000000E-02
  -1.625469037000000E+00   1.733874953600000E-01   9.493324119800000E-01   3.528283881400000E-01   2.712932443100000E-01   8.897198809800000E-02
  -1.625672809800000E+00   1.733912480800000E-01   9.493319406800000E-01   3.528291728600000E-01   2.713023959600000E-01   8.896858950100001E-02
  -1.625877288800000E+00   1.733950147300000E-01   9.493314610200000E-01   3.528301660500000E-01   2.713109190500000E-01   8.896517781799999E-02
  -1.626082492200000E+00   1.733987956500000E-01   9.493309854400001E-01   3.528306327800000E-01   2.713218770300000E-01   8.896175273300000E-02
  -1.626288411500000E+00   1.734025907000000E-01   9.493305589200000E-01   3.528323225100000E-01   2.713300500500000E-01   8.895831437300000E-02
  -1.626495055700000E+00   1.734064000400000E-01   9.493298556300001E-01   3.528324249700000E-01   2.713409869100000E-01   8.895486257300000E-02
  -1.626702428600000E+00   1.734102237700000E-01   9.493294731400000E-01   3.528334015800000E-01   2.713503058300000E-01   8.895139725200001E-02
  -1.626910528600000E+00   1.734140618500000E-01   9.493290610300000E-01   3.528350382500000E-01   2.713592354100000E-01   8.894791842499999E-02
  -1.627119373000000E+00   1.734179146300000E-01   9.493286238700001E-01   3.528366375700000E-01   2.713684358800000E-01   8.894442578599999E-02
  -1.627328949300000E+00   1.734217818800000E-01   9.493281202300000E-01   3.528375282300000E-01   2.713763104300000E-01   8.894091952600000E-02
  -1.627539275300000E+00   1.734256639300000E-01   9.493274693100000E-01   3.528384053800000E-01   2.713858389000000E-01   8.893739933600001E-02
  -1.627750339600000E+00   1.734295606000000E-01   9.493265339700000E-01   3.528391402200000E-01   2.713945729200000E-01   8.893386538900000E-02
  -1.627962164400000E+00   1.734334723000000E-01   9.493262599900000E-01   3.528394790100000E-01   2.714032135000000E-01   8.893031729600000E-02
  -1.628174744000000E+00   1.734373989300000E-01   9.493257973600000E-01   3.528403525500000E-01   2.714118685200000E-01   8.892675513800000E-02
  -1.628388076100000E+00   1.734413404700000E-01   9.493256328100000E-01   3.528411720700000E-01   2.714205777900000E-01   8.892317893500000E-02
  -1.628602181300000E+00   1.734452973000000E-01   9.493236663600000E-01   3.528398187800000E-01   2.714292952000000E-01   8.891958832900000E-02
  -1.628817046600000E+00   1.734492692000000E-01   9.493198062600000E-01   3.528356914700000E-01   2.714380787900000E-01   8.891598351799999E-02
  -1.629032687000000E+00   1.734532564600000E-01   9.493187400200001E-01   3.528349993800000E-01   2.714466864600000E-01   8.891236423399999E-02
  -1.629249106500000E+00   1.734572591500000E-01   9.493152771900000E-01   3.528315839400000E-01   2.714553697100000E-01   8.890873039400000E-02
  -1.629466294800000E+00   1.734612771100000E-01   9.493107928300000E-01   3.528225941100000E-01   2.714645456900000E-01   8.890508215300000E-02
  -1.629684286500000E+00   1.734653109800000E-01   9.493201946499999E-01   3.528229748100000E-01   2.714717262900000E-01   8.890141891300000E-02
  -1.629903044300000E+00   1.734693600900000E-01   9.493030957600000E-01   3.528221024600000E-01   2.714819278700000E-01   8.889774128100000E-02
  -1.630122619800000E+00   1.734734253900000E-01   9.493208068300000E-01   3.528251892500000E-01   2.714886701900000E-01   8.889404837400000E-02
  -1.630342971500000E+00   1.734775061500000E-01   9.493030823600001E-01   3.528221562300000E-01   2.715002289300000E-01   8.889034087100001E-02
  -1.630564138200000E+00   1.734816030800000E-01   9.493198563000000E-01   3.528223697100000E-01   2.715071404400000E-01   8.888661810100000E-02
  -1.630786105600000E+00   1.734857159300000E-01   9.493148570000000E-01   3.528104084300000E-01   2.715173065200000E-01   8.888288028700000E-02
  -1.631008877300000E+00   1.734898447800000E-01   9.493179392100000E-01   3.528064056300000E-01   2.715271276800000E-01   8.887912734800001E-02
  -1.631232476000000E+00   1.734939900700000E-01   9.493188724500000E-01   3.528283668900000E-01   2.715326146700000E-01   8.887535888600000E-02
  -1.631456872200000E+00   1.734981512500000E-01   9.493182575500000E-01   3.528164787800000E-01   2.715443206600000E-01   8.887157537500000E-02
  -1.631682125900000E+00   1.735023294700000E-01   9.493144344700000E-01   3.528415512900000E-01   2.715498863400000E-01   8.886777578900000E-02
  -1.631908169000000E+00   1.735065234500000E-01   9.493173427900000E-01   3.528245378900000E-01   2.715610729300000E-01   8.886396125200000E-02
  -1.632135087900000E+00   1.735107348300000E-01   9.493089333900000E-01   3.528488748400000E-01   2.715695919000000E-01   8.886013029100000E-02
  -1.632362830100000E+00   1.735149626400000E-01   9.492928709100000E-01   3.528558898800000E-01   2.715795045600000E-01   8.885628376900000E-02
  -1.632591413600000E+00   1.735192072300000E-01   9.492831642900000E-01   3.528547686500000E-01   2.715905619700000E-01   8.885242136200000E-02
  -1.632820842000000E+00   1.735234686700000E-01   9.492739708100000E-01   3.528469205800000E-01   2.716010880800000E-01   8.884854299200000E-02
  -1.633051121800000E+00   1.735277471000000E-01   9.492884522000000E-01   3.528377519200000E-01   2.716104260400000E-01   8.884464852500000E-02
  -1.633282257000000E+00   1.735320426100000E-01   9.492895788100000E-01   3.528512868300000E-01   2.716199065700000E-01   8.884073787500001E-02
  -1.633514255000000E+00   1.735363553500000E-01   9.493066916500000E-01   3.528594905700000E-01   2.716287631400000E-01   8.883681089400000E-02
  -1.633747119100000E+00   1.735406854000000E-01   9.493060325400000E-01   3.528607987800000E-01   2.716384293800000E-01   8.883286750600000E-02
  -1.633980853100000E+00   1.735450328300000E-01   9.493078826000000E-01   3.528616040800000E-01   2.716479130000000E-01   8.882890762600000E-02
  -1.634215462900000E+00   1.735493977800000E-01   9.493072339200000E-01   3.528627979600000E-01   2.716577305100000E-01   8.882493113000001E-02
  -1.634450953400000E+00   1.735537803400000E-01   9.493100274700000E-01   3.528624702000000E-01   2.716677611400000E-01   8.882093791300000E-02
  -1.634687329000000E+00   1.735581806200000E-01   9.493110831400000E-01   3.528605410700000E-01   2.716775178600000E-01   8.881692787900000E-02
  -1.634924596000000E+00   1.735625987500000E-01   9.493106988800000E-01   3.528613148900000E-01   2.716871665600000E-01   8.881290090000001E-02
  -1.635162765800000E+00   1.735670349400000E-01   9.493097564200000E-01   3.528639007000000E-01   2.716967965400000E-01   8.880885675800000E-02
  -1.635401832100000E+00   1.735714891100000E-01   9.493090064200000E-01   3.528634116900000E-01   2.717065723000000E-01   8.880479553700001E-02
  -1.635641804700000E+00   1.735759614400000E-01   9.493087274699999E-01   3.528648278000000E-01   2.717163219400000E-01   8.880071704700000E-02
  -1.635882687800000E+00   1.735804520300000E-01   9.493082032300000E-01   3.528664001300000E-01   2.717261477600000E-01   8.879662119400000E-02
  -1.636124488800000E+00   1.735849610300000E-01   9.493077952800000E-01   3.528683133600000E-01   2.717359887600000E-01   8.879250782799999E-02
  -1.636367211200000E+00   1.735894885300000E-01   9.493073977000001E-01   3.528698797400000E-01   2.717458627600000E-01   8.878837686400000E-02
  -1.636610860400000E+00   1.735940346400000E-01   9.493067464700000E-01   3.528713446100000E-01   2.717557124200000E-01   8.878422818600000E-02
  -1.636855442200000E+00   1.735985994800000E-01   9.493063359800000E-01   3.528724086800000E-01   2.717657142900000E-01   8.878006167200000E-02
  -1.637100962000000E+00   1.736031831700000E-01   9.493054248000000E-01   3.528728895000000E-01   2.717754561000000E-01   8.877587720400000E-02
  -1.637347423900000E+00   1.736077858000000E-01   9.493036509100000E-01   3.528721011400000E-01   2.717854427300000E-01   8.877167468500000E-02
  -1.637594836800000E+00   1.736124075600000E-01   9.493042980800001E-01   3.528737809500000E-01   2.717957630400000E-01   8.876745394100000E-02
  -1.637843201900000E+00   1.736170484800000E-01   9.493031918600000E-01   3.528657158800000E-01   2.718043719200000E-01   8.876321492200000E-02
  -1.638092526800000E+00   1.736217087200000E-01   9.492984337000000E-01   3.528684999100000E-01   2.718155171400000E-01   8.875895747300000E-02
  -1.638342818900000E+00   1.736263884300000E-01   9.493003675300000E-01   3.528732289100000E-01   2.718256411200000E-01   8.875468144199999E-02
  -1.638594081100000E+00   1.736310876900000E-01   9.493009252400000E-01   3.528602054100000E-01   2.718361822700000E-01   8.875038675400000E-02
  -1.638846318300000E+00   1.736358066100000E-01   9.492916973300000E-01   3.528678400900000E-01   2.718434684000000E-01   8.874607329299999E-02
  -1.639099538200000E+00   1.736405453400000E-01   9.492880371100000E-01   3.528477779300000E-01   2.718559779000000E-01   8.874174090400000E-02
  -1.639353748300000E+00   1.736453040400000E-01   9.492975229000000E-01   3.528592020000000E-01   2.718646604900000E-01   8.873738942900000E-02
  -1.639608949300000E+00   1.736500827500000E-01   9.492834299600000E-01   3.528689946800000E-01   2.718736649800000E-01   8.873301882600000E-02
  -1.639865152900000E+00   1.736548816900000E-01   9.492845543800000E-01   3.528675661200000E-01   2.718838396100000E-01   8.872862886900000E-02
  -1.640122358400000E+00   1.736597008800000E-01   9.492614644100000E-01   3.528789873500000E-01   2.718930463600000E-01   8.872421953900000E-02
  -1.640380577500000E+00   1.736645405500000E-01   9.492725034100000E-01   3.528733293800000E-01   2.719050754400000E-01   8.871979060800000E-02
  -1.640639813000000E+00   1.736694007800000E-01   9.492669744500000E-01   3.528733428400000E-01   2.719155636500000E-01   8.871534199500000E-02
  -1.640900073100000E+00   1.736742817200000E-01   9.492692024000000E-01   3.528752414400000E-01   2.719257594900000E-01   8.871087353100000E-02
  -1.641161362900000E+00   1.736791835000000E-01   9.492626490100000E-01   3.528786576000000E-01   2.719378941800000E-01   8.870638509700000E-02
  -1.641423686300000E+00   1.736841062200000E-01   9.492591572000000E-01   3.528839655300000E-01   2.719485071700000E-01   8.870187659600000E-02
  -1.641687055100000E+00   1.736890500900000E-01   9.492729427700000E-01   3.528855128200000E-01   2.719598441400000E-01   8.869734779500001E-02
  -1.641951467500000E+00   1.736940151300000E-01   9.492634735900000E-01   3.528819932000000E-01   2.719714360800000E-01   8.869279869000000E-02
  -1.642216936900000E+00   1.736990015900000E-01   9.492655630500000E-01   3.528842062900000E-01   2.719808229800000E-01   8.868822901800000E-02
  -1.642483465800000E+00   1.737040095300000E-01   9.492835180200000E-01   3.528867649200000E-01   2.719886697100000E-01   8.868363870700000E-02
  -1.642751063000000E+00   1.737090391600000E-01   9.492715008600000E-01   3.528922348400000E-01   2.720002909700000E-01   8.867902756800000E-02
  -1.643019732000000E+00   1.737140905400000E-01   9.492869144700000E-01   3.528908551600000E-01   2.720090954000000E-01   8.867439551200000E-02
  -1.643289481400000E+00   1.737191638700000E-01   9.492789436400000E-01   3.528955529800000E-01   2.720201284700000E-01   8.866974235199999E-02
  -1.643560315700000E+00   1.737242592400000E-01   9.492885618800000E-01   3.528972198800000E-01   2.720341569900000E-01   8.866506797800000E-02
  -1.643832245700000E+00   1.737293768800000E-01   9.492867033500000E-01   3.528944026800000E-01   2.720487818100000E-01   8.866037217000000E-02
  -1.644105275300000E+00   1.737345168900000E-01   9.492861743600000E-01   3.528956888500000E-01   2.720538914800000E-01   8.865565482300000E-02
  -1.644379408500000E+00   1.737396793500000E-01   9.492757234500000E-01   3.528997909300000E-01   2.720692957900000E-01   8.865091583400000E-02
  -1.644654655300000E+00   1.737448644900000E-01   9.492602780900000E-01   3.529012627300000E-01   2.720771084200000E-01   8.864615499300001E-02
  -1.644931023100000E+00   1.737500724500000E-01   9.492754620800000E-01   3.529016890500000E-01   2.720903900800000E-01   8.864137213300000E-02
  -1.645208516600000E+00   1.737553033500000E-01   9.492745443900000E-01   3.529024725600000E-01   2.720957587500000E-01   8.863656713900001E-02
  -1.645487143400000E+00   1.737605573600000E-01   9.492698846900000E-01   3.529040212600000E-01   2.721118726300000E-01   8.863173983900000E-02
  -1.645766911000000E+00   1.737658346300000E-01   9.492646117600000E-01   3.529050312300000E-01   2.721225978600000E-01   8.862689006799999E-02
  -1.646047825200000E+00   1.737711353000000E-01   9.492693221300000E-01   3.529055649000000E-01   2.721311792300000E-01   8.862201768200000E-02
  -1.646329894500000E+00   1.737764595500000E-01   9.492630282900000E-01   3.529071514100000E-01   2.721448643400000E-01   8.861712249600000E-02
  -1.646613125100000E+00   1.737818075200000E-01   9.492695318400000E-01   3.529084074200000E-01   2.721539379700000E-01   8.861220436400000E-02
  -1.646897524500000E+00   1.737871793700000E-01   9.492681131700000E-01   3.529095887700000E-01   2.721652250400000E-01   8.860726311400000E-02
  -1.647183099600000E+00   1.737925752600000E-01   9.492656600200000E-01   3.529105821600000E-01   2.721766308900000E-01   8.860229858400000E-02
  -1.647469857900000E+00   1.737979953500000E-01   9.492702372200000E-01   3.529113158900000E-01   2.721903603400000E-01   8.859731060499999E-02
  -1.647757806800000E+00   1.738034398000000E-01   9.492748387700000E-01   3.529127774100000E-01   2.722041626400000E-01   8.859229900200000E-02
  -1.648046953500000E+00   1.738089087800000E-01   9.492786954000000E-01   3.529138280500000E-01   2.722172720200000E-01   8.858726360900000E-02
  -1.648337306500000E+00   1.738144024700000E-01   9.492786503800000E-01   3.529139957800000E-01   2.722291386600000E-01   8.858220423500000E-02
  -1.648628871200000E+00   1.738199209900000E-01   9.492777274300001E-01   3.529119602600000E-01   2.722409539300000E-01   8.857712074100001E-02
  -1.648921657000000E+00   1.738254645500000E-01   9.492771520700000E-01   3.529164322300000E-01   2.722533584500000E-01   8.857201291700000E-02
  -1.649215670800000E+00   1.738310333100000E-01   9.492752097700000E-01   3.529170342200000E-01   2.722641480400000E-01   8.856688059999999E-02
  -1.649510921400000E+00   1.738366274400000E-01   9.492688644500000E-01   3.529188716400000E-01   2.722746379000000E-01   8.856172358900000E-02
  -1.649807414200000E+00   1.738422470800000E-01   9.492677247400000E-01   3.529094105300000E-01   2.722860312500000E-01   8.855654174400000E-02
  -1.650105160000000E+00   1.738478924700000E-01   9.492559232800000E-01   3.529207892900000E-01   2.722958889800000E-01   8.855133482700001E-02
  -1.650404163900000E+00   1.738535637200000E-01   9.492709303200000E-01   3.529069031100000E-01   2.723115109500000E-01   8.854610270000000E-02
  -1.650704435900000E+00   1.738592610500000E-01   9.492593628500000E-01   3.529228306500000E-01   2.723243779600000E-01   8.854084514299999E-02
  -1.651005984000000E+00   1.738649846300000E-01   9.492476156700000E-01   3.529241829600000E-01   2.723387017600000E-01   8.853556196400000E-02
  -1.651309009400000E+00   1.738707383100000E-01   9.492375410300000E-01   3.529175496700000E-01   2.723506474300000E-01   8.853024958500000E-02
  -1.651919558900000E+00   1.738823373800000E-01   9.492394708200000E-01   3.529278414800000E-01   2.723757956800000E-01   8.851953582200001E-02
  -1.652535365300000E+00   1.738940448300000E-01   9.492650617400000E-01   3.529209482600000E-01   2.723999448700000E-01   8.850871603000000E-02
  -1.653156488100000E+00   1.739058620000000E-01   9.492568045200001E-01   3.529289899900000E-01   2.724251887100000E-01   8.849778872899999E-02
  -1.653782998500000E+00   1.739177904800000E-01   9.492679751799999E-01   3.529314475100000E-01   2.724484837900000E-01   8.848675222400000E-02
  -1.654414963400000E+00   1.739298317800000E-01   9.492668369500000E-01   3.529347015600000E-01   2.724737993200000E-01   8.847560487599999E-02
  -1.655052457600000E+00   1.739419875400000E-01   9.492601915000000E-01   3.529289533200000E-01   2.725002044300000E-01   8.846434489400000E-02
  -1.655695550400000E+00   1.739542593400000E-01   9.492649340500000E-01   3.529388290200000E-01   2.725223442200000E-01   8.845297056600000E-02
  -1.656344316200000E+00   1.739666488500000E-01   9.492591027000000E-01   3.529419087800000E-01   2.725453983200000E-01   8.844148007300000E-02
  -1.656998832100000E+00   1.739791577700000E-01   9.492366574600000E-01   3.529211651800000E-01   2.725802393700000E-01   8.842987153200001E-02
  -1.657659170900000E+00   1.739917877700000E-01   9.492566267200000E-01   3.529158636500000E-01   2.726035577900000E-01   8.841814311500000E-02
  -1.658325412500000E+00   1.740045406300000E-01   9.492568871200000E-01   3.529521219500000E-01   2.726292996400000E-01   8.840629285100000E-02
  -1.658997633500000E+00   1.740174180900000E-01   9.492492888000000E-01   3.529526965300000E-01   2.726537030600000E-01   8.839431880600000E-02
  -1.659675916500000E+00   1.740304220000000E-01   9.492564576500000E-01   3.529547215300000E-01   2.726821191800000E-01   8.838221892100000E-02
  -1.660360341100000E+00   1.740435541600000E-01   9.492526080400000E-01   3.529464231400000E-01   2.727100745400000E-01   8.836999116900000E-02
  -1.661050991500000E+00   1.740568164900000E-01   9.492436156500000E-01   3.529619026800000E-01   2.727403282400000E-01   8.835763341500000E-02
  -1.661747950800000E+00   1.740702108500000E-01   9.492278308100000E-01   3.529316300100000E-01   2.727677196000000E-01   8.834514352400000E-02
  -1.662451306700000E+00   1.740837392500000E-01   9.492499355700000E-01   3.529635871300000E-01   2.727943555800000E-01   8.833251925400000E-02
  -1.663161144200000E+00   1.740974036100000E-01   9.492192577200000E-01   3.529489868800000E-01   2.728223962900000E-01   8.831975838300000E-02
  -1.663877555200000E+00   1.741112060100000E-01   9.492418976600000E-01   3.529711501000000E-01   2.728537096000000E-01   8.830685854799999E-02
  -1.664600627000000E+00   1.741251484700000E-01   9.492216195099999E-01   3.529669419000000E-01   2.728817749400000E-01   8.829381742799999E-02
  -1.665330455100000E+00   1.741392331300000E-01   9.492411280200000E-01   3.529461180400000E-01   2.729071066400000E-01   8.828063254000000E-02
  -1.666067129700000E+00   1.741534620900000E-01   9.492388153800000E-01   3.529799203100000E-01   2.729374039000000E-01   8.826730145700000E-02
  -1.666810750200000E+00   1.741678375800000E-01   9.492159396400000E-01   3.529593858200000E-01   2.729690401300000E-01   8.825382156300000E-02
  -1.667561410700000E+00   1.741823617800000E-01   9.492388202900000E-01   3.529803208100000E-01   2.730023938800000E-01   8.824019029900000E-02
  -1.668319211500000E+00   1.741970369900000E-01   9.492364963100000E-01   3.529806491000000E-01   2.730266434800000E-01   8.822640496600000E-02
  -1.669084252800000E+00   1.742118655000000E-01   9.492299142800000E-01   3.529905458700000E-01   2.730647607800000E-01   8.821246282900000E-02
  -1.669856636900000E+00   1.742268496800000E-01   9.492301464600000E-01   3.529819579200000E-01   2.730861151400000E-01   8.819836108200001E-02
  -1.670636468900000E+00   1.742419919300000E-01   9.492336638500000E-01   3.529961432000000E-01   2.731252732600000E-01   8.818409682800001E-02
  -1.671423854800000E+00   1.742572947000000E-01   9.491990342400000E-01   3.529909041600000E-01   2.731497588800000E-01   8.816966711700000E-02
  -1.672218902300000E+00   1.742727604800000E-01   9.492311141200001E-01   3.529893087400000E-01   2.731866637600000E-01   8.815506892699999E-02
  -1.673021722400000E+00   1.742883918300000E-01   9.492210294800000E-01   3.529787924800000E-01   2.732198197600000E-01   8.814029913000000E-02
  -1.673832425900000E+00   1.743041913300000E-01   9.491951929300000E-01   3.529871078800000E-01   2.732496073300000E-01   8.812535456300000E-02
  -1.674651129600000E+00   1.743201616700000E-01   9.492218776100000E-01   3.530009740100000E-01   2.732852936600000E-01   8.811023190500000E-02
  -1.675477947300000E+00   1.743363055000000E-01   9.491807635700000E-01   3.530030754100000E-01   2.733161281200000E-01   8.809492784100000E-02
  -1.676312998800000E+00   1.743526256100000E-01   9.492230386700000E-01   3.530181917300000E-01   2.733521412000000E-01   8.807943889800000E-02
  -1.677156404200000E+00   1.743691247900000E-01   9.492076583900000E-01   3.530210466700000E-01   2.733841509600000E-01   8.806376154499999E-02
  -1.678008286500000E+00   1.743858059100000E-01   9.492188915999999E-01   3.530265604000000E-01   2.734190880200000E-01   8.804789214000000E-02
  -1.678868771000000E+00   1.744026719000000E-01   9.492079075500000E-01   3.530242228500000E-01   2.734532437800000E-01   8.803182694900000E-02
  -1.679737985300000E+00   1.744197257300000E-01   9.492167928000000E-01   3.530331362600000E-01   2.734877080900000E-01   8.801556213200000E-02
  -1.680616058800000E+00   1.744369704500000E-01   9.492063675000000E-01   3.530353031800000E-01   2.735225245300000E-01   8.799909375300000E-02
  -1.681503124100000E+00   1.744544091600000E-01   9.492128101100000E-01   3.530395715500000E-01   2.735566491900000E-01   8.798241775500000E-02
  -1.682399315700000E+00   1.744720450200000E-01   9.492115994700000E-01   3.530415843000000E-01   2.735924844500000E-01   8.796552998200000E-02
  -1.683304771100000E+00   1.744898812600000E-01   9.492061929500000E-01   3.530436022200000E-01   2.736282263200000E-01   8.794842614700001E-02
  -1.684219629800000E+00   1.745079211800000E-01   9.491809643600000E-01   3.530417149800000E-01   2.736637544100000E-01   8.793110185600000E-02
  -1.685144034400000E+00   1.745261681300000E-01   9.492034414500000E-01   3.530453442000000E-01   2.737008233300000E-01   8.791355258200000E-02
  -1.686078130000000E+00   1.745446255500000E-01   9.491859050400000E-01   3.530556870300000E-01   2.737375451600000E-01   8.789577366800000E-02
  -1.687022064300000E+00   1.745632969300000E-01   9.492028262900000E-01   3.530528858100000E-01   2.737736352600000E-01   8.787776033399999E-02
  -1.687975987800000E+00   1.745821858400000E-01   9.492004609500000E-01   3.530576132600000E-01   2.738104899400000E-01   8.785950765300000E-02
  -1.688940053100000E+00   1.746012959000000E-01   9.491917355300000E-01   3.530643767500000E-01   2.738483756700000E-01   8.784101057300001E-02
  -1.689914417400000E+00   1.746206308500000E-01   9.491969692400000E-01   3.530633004000000E-01   2.738868896500000E-01   8.782226386100001E-02
  -1.690899239600000E+00   1.746401944700000E-01   9.491872318200000E-01   3.530633665600000E-01   2.739243251300000E-01   8.780326215700000E-02
  -1.691894681800000E+00   1.746599906300000E-01   9.491690969700000E-01   3.530814518800000E-01   2.739639317900000E-01   8.778399993400000E-02
  -1.692900909100000E+00   1.746800232800000E-01   9.491882785300000E-01   3.530640197400000E-01   2.739956802700000E-01   8.776447150600000E-02
  -1.693918089700000E+00   1.747002964400000E-01   9.491532556900000E-01   3.530712152100000E-01   2.740418680400000E-01   8.774467101400001E-02
  -1.694946395000000E+00   1.747208142100000E-01   9.491887047300001E-01   3.530936346000000E-01   2.740838099700000E-01   8.772459242300000E-02
  -1.695985999600000E+00   1.747415807900000E-01   9.491880610800000E-01   3.530975462700000E-01   2.741234919500000E-01   8.770422952100000E-02
  -1.697037081300000E+00   1.747626004500000E-01   9.491765399500000E-01   3.530930019600000E-01   2.741609356600000E-01   8.768357590400000E-02
  -1.698099821300000E+00   1.747838775700000E-01   9.491701080500000E-01   3.530930483800000E-01   2.742000634300000E-01   8.766262497200000E-02
  -1.699174404000000E+00   1.748054165700000E-01   9.491577316699999E-01   3.530960620000000E-01   2.742408523900000E-01   8.764136992800001E-02
  -1.700261017600000E+00   1.748272220300000E-01   9.491499830800000E-01   3.530845697300000E-01   2.742839329400000E-01   8.761980376200000E-02
  -1.701359853200000E+00   1.748492985500000E-01   9.491763316800000E-01   3.531104999800000E-01   2.743319956100000E-01   8.759791925300001E-02
  -1.702471106000000E+00   1.748716508800000E-01   9.491772391700000E-01   3.531230064300000E-01   2.743748053900000E-01   8.757570894900001E-02
  -1.703594974400000E+00   1.748942838300000E-01   9.491604704400000E-01   3.531186335600000E-01   2.744155468100000E-01   8.755316517300001E-02
  -1.704731660800000E+00   1.749172023300000E-01   9.491646904600000E-01   3.530990597400000E-01   2.744590332000000E-01   8.753028000400000E-02
  -1.705881370900000E+00   1.749404113900000E-01   9.491370204200000E-01   3.531264057700000E-01   2.744999537400000E-01   8.750704527700000E-02
  -1.707044314500000E+00   1.749639161400000E-01   9.491589544200000E-01   3.531107172900000E-01   2.745464589400000E-01   8.748345256200001E-02
  -1.708220704900000E+00   1.749877218000000E-01   9.491272630199999E-01   3.531363583200000E-01   2.745868808700000E-01   8.745949317500000E-02
  -1.709410759900000E+00   1.750118336900000E-01   9.491427852800000E-01   3.531315730700000E-01   2.746334598200000E-01   8.743515813900000E-02
  -1.710614700100000E+00   1.750362572500000E-01   9.491207672800001E-01   3.531446887000000E-01   2.746760150400000E-01   8.741043821600000E-02
  -1.711832751400000E+00   1.750609980300000E-01   9.491215048100000E-01   3.531372585500000E-01   2.747242607300000E-01   8.738532384300000E-02
  -1.713065142500000E+00   1.750860616600000E-01   9.491275987500000E-01   3.531657489500000E-01   2.747727983200000E-01   8.735980518100001E-02
  -1.714312106800000E+00   1.751114539100000E-01   9.491166737400000E-01   3.531727536900000E-01   2.748213072700000E-01   8.733387205400001E-02
  -1.715573887400000E+00   1.751371807700000E-01   9.491523679200000E-01   3.531655678800000E-01   2.748666253800000E-01   8.730751385500000E-02
  -1.716853730900000E+00   1.751633096300000E-01   9.491292234399999E-01   3.531485434700000E-01   2.749136715700000E-01   8.728065653400000E-02
  -1.719469589200000E+00   1.752168192200000E-01   9.491358839300000E-01   3.531727484200000E-01   2.750149733100000E-01   8.722537467700001E-02
  -1.722149331000000E+00   1.752717810800000E-01   9.491478240300000E-01   3.532001590600000E-01   2.751170590600000E-01   8.716818945200000E-02
  -1.724895063800000E+00   1.753282480500000E-01   9.491114276600000E-01   3.532076352400000E-01   2.752200064600000E-01   8.710899929900000E-02
  -1.727708964700000E+00   1.753862749400000E-01   9.491413677300000E-01   3.532292416600000E-01   2.753184819200000E-01   8.704769592900000E-02
  -1.730593279900000E+00   1.754459185500000E-01   9.491199694800000E-01   3.532199036500000E-01   2.754252512300000E-01   8.698416388499999E-02
  -1.733550324400000E+00   1.755072377600000E-01   9.491340738000000E-01   3.532510466400000E-01   2.755368011500000E-01   8.691828008200000E-02
  -1.736582481500000E+00   1.755702934900000E-01   9.491159571900000E-01   3.532587234600000E-01   2.756438439100000E-01   8.684991331500000E-02
  -1.739692202000000E+00   1.756351487400000E-01   9.491169747300000E-01   3.532699011800000E-01   2.757472717200000E-01   8.677892375800000E-02
  -1.742882001400000E+00   1.757018685500000E-01   9.491201406400001E-01   3.532973650500000E-01   2.758663426800000E-01   8.670516245899999E-02
  -1.746154458200000E+00   1.757705200400000E-01   9.491174510100000E-01   3.533065305900000E-01   2.759853906900000E-01   8.662847080199999E-02
  -1.749512210200000E+00   1.758411723400000E-01   9.491094119700000E-01   3.533288812100000E-01   2.760998847500000E-01   8.654867998800000E-02
  -1.752957950000000E+00   1.759138965300000E-01   9.491106549400000E-01   3.533309063400000E-01   2.762114585900000E-01   8.646561050000000E-02
  -1.756494420500000E+00   1.759887656200000E-01   9.491010069600000E-01   3.533573573700000E-01   2.763338060900000E-01   8.637907158499999E-02
  -1.760124407600000E+00   1.760658544000000E-01   9.491233388600000E-01   3.533799223300000E-01   2.764628475100000E-01   8.628886074800000E-02
  -1.763850733100000E+00   1.761452393500000E-01   9.491037753800000E-01   3.533696365500000E-01   2.765832326900000E-01   8.619476327300001E-02
  -1.767676245900000E+00   1.762269985100000E-01   9.491235482100000E-01   3.534193411200000E-01   2.767140197600000E-01   8.609655178200000E-02
  -1.771603810800000E+00   1.763112112800000E-01   9.491245934300000E-01   3.534382502900000E-01   2.768409354700000E-01   8.599398584500000E-02
  -1.775636297800000E+00   1.763979582400000E-01   9.491254519800000E-01   3.534477967700000E-01   2.769678374600000E-01   8.588681165400000E-02
  -1.779776567500000E+00   1.764873208900000E-01   9.491237385300000E-01   3.534551174000000E-01   2.770968000300000E-01   8.577476178000000E-02
  -1.784027456700000E+00   1.765793814100000E-01   9.491051707500000E-01   3.535058237600000E-01   2.772278306800000E-01   8.565755503300000E-02
  -1.788391761200000E+00   1.766742223200000E-01   9.491180266100000E-01   3.534920721900000E-01   2.773594639500000E-01   8.553489643499999E-02
  -1.792872217400000E+00   1.767719261600000E-01   9.491263553400000E-01   3.535553641000000E-01   2.774949784100000E-01   8.540647734100000E-02
  -1.797471482400000E+00   1.768725751200000E-01   9.491383193700000E-01   3.535432636900000E-01   2.776265903600000E-01   8.527197571600000E-02
  -1.802192111900000E+00   1.769762506300000E-01   9.491247107200000E-01   3.536093532300000E-01   2.777537086700000E-01   8.513105659500000E-02
  -1.807036537900000E+00   1.770830329300000E-01   9.491305951700000E-01   3.536366658500000E-01   2.778868403000000E-01   8.498337274800000E-02
  -1.812007044100000E+00   1.771930005800000E-01   9.491351728200000E-01   3.536664850000000E-01   2.780212832800000E-01   8.482856556300000E-02
  -1.817105741300000E+00   1.773062300700000E-01   9.491733453800000E-01   3.536848207200000E-01   2.781545674600000E-01   8.466626616800001E-02
  -1.822334541500000E+00   1.774227952300000E-01   9.491608856600000E-01   3.537299687800000E-01   2.782935086500000E-01   8.449609680200000E-02
  -1.827695133300000E+00   1.775427668500000E-01   9.491961519000000E-01   3.537651533100000E-01   2.784180095800000E-01   8.431767244600000E-02
  -1.833188956100000E+00   1.776662121300000E-01   9.492026464800000E-01   3.538060372300000E-01   2.785472372700000E-01   8.413060270300000E-02
  -1.838817176800000E+00   1.777931942600000E-01   9.491947732000000E-01   3.538317998500000E-01   2.786800936900000E-01   8.393449393300000E-02
  -1.844580765900000E+00   1.779237742700000E-01   9.492324623600000E-01   3.538550250900000E-01   2.788049951000000E-01   8.372894806800001E-02
  -1.850507189500000E+00   1.780586197800000E-01   9.492273920700000E-01   3.539155409100000E-01   2.789255972300000E-01   8.351257807900000E-02
  -1.862850617800000E+00   1.783413662400000E-01   9.493056072500000E-01   3.540162395900000E-01   2.791575646700000E-01   8.304546960400000E-02
  -1.875731115100000E+00   1.786391873800000E-01   9.493589056300000E-01   3.540967022800000E-01   2.793685111200000E-01   8.253416975400001E-02
  -1.889138862900000E+00   1.789522872000000E-01   9.494230597400000E-01   3.542103413400000E-01   2.795721464300000E-01   8.197595847800000E-02
  -1.903058573900000E+00   1.792807904600000E-01   9.495062402100000E-01   3.543385136900000E-01   2.797292710600000E-01   8.136843804100000E-02
  -1.917469923700000E+00   1.796247545500000E-01   9.495828856200000E-01   3.544788566000000E-01   2.798729056700000E-01   8.070961479500000E-02
  -1.932348238700000E+00   1.799841869100000E-01   9.496968618200000E-01   3.546022025700000E-01   2.799674116700000E-01   7.999796420800000E-02
  -1.947665378600000E+00   1.803590667300000E-01   9.498103848900000E-01   3.547547584700000E-01   2.800302308300000E-01   7.923247438200000E-02
  -1.963390731100000E+00   1.807493690200000E-01   9.499357355300000E-01   3.549358829100000E-01   2.800435913700000E-01   7.841266585700001E-02
  -1.979492231200000E+00   1.811550891200000E-01   9.500548100400000E-01   3.551013694500000E-01   2.800109282500000E-01   7.753858819400000E-02
  -1.995937325700000E+00   1.815762661000000E-01   9.502275349400000E-01   3.552695440100000E-01   2.799350042900000E-01   7.661079617600000E-02
  -2.012693820000000E+00   1.820130037100000E-01   9.503959446100000E-01   3.554750616100000E-01   2.798046414300000E-01   7.563031005100000E-02
  -2.029730570800000E+00   1.824654881900000E-01   9.506047520599999E-01   3.556886599900000E-01   2.796133265200000E-01   7.459856492000000E-02
  -2.047018007900000E+00   1.829340028700000E-01   9.507856633600000E-01   3.559056996400000E-01   2.793788008800000E-01   7.351735429099999E-02
  -2.064528490100000E+00   1.834189397900000E-01   9.510176907200000E-01   3.561227619300000E-01   2.790925335500000E-01   7.238877214800001E-02
  -2.082236496800000E+00   1.839208086700000E-01   9.512510850700000E-01   3.563704617700000E-01   2.787529643600000E-01   7.121515797500000E-02
  -2.100104782400000E+00   1.844398350700000E-01   9.515083205700000E-01   3.566107942200000E-01   2.783542197700000E-01   7.000000381200000E-02
  -2.101906835400000E+00   1.844929221200000E-01   9.515288413500000E-01   3.566305934400000E-01   2.783180616900000E-01   6.987580883800000E-02
  -2.113917965800000E+00   1.848503963000000E-01   9.516855424800000E-01   3.568011096400000E-01   2.780170158600000E-01   6.904064182800000E-02
  -2.125991270200000E+00   1.852163362800000E-01   9.518585396900000E-01   3.569789485500000E-01   2.777028057700000E-01   6.818868249000000E-02
  -2.138121419000000E+00   1.855910370400000E-01   9.520450163300000E-01   3.571523734200000E-01   2.773662860700000E-01   6.732077251099999E-02
  -2.150303469800000E+00   1.859748248300000E-01   9.522502244800000E-01   3.573297759500000E-01   2.769980190700000E-01   6.643776508500000E-02
  -2.162532844400000E+00   1.863680589200000E-01   9.524386540100001E-01   3.574968663400000E-01   2.766215399500000E-01   6.554052142100000E-02
  -2.174805304100000E+00   1.867711339000000E-01   9.526520773800000E-01   3.576914624000000E-01   2.762188231400000E-01   6.462990773900000E-02
  -2.187116711000000E+00   1.871844751600000E-01   9.528321265200000E-01   3.578654672000000E-01   2.757967413800000E-01   6.370680879000000E-02
  -2.198339486100000E+00   1.875695411900000E-01   9.530366034200000E-01   3.580523702900000E-01   2.753965202400000E-01   6.285753625800000E-02
  -2.208565138100000E+00   1.879276268600000E-01   9.531987908900000E-01   3.582070816100000E-01   2.750211698800000E-01   6.207769257500000E-02
  -2.217878778300000E+00   1.882600673300000E-01   9.533671401500000E-01   3.583538845500000E-01   2.746655232000000E-01   6.136273798600000E-02
  -2.226359177800000E+00   1.885682175500000E-01   9.535253086300000E-01   3.584846007900000E-01   2.743326476300000E-01   6.070813228100000E-02
  -2.234078971100000E+00   1.888534351000000E-01   9.536582269500000E-01   3.585965003800000E-01   2.740308865800000E-01   6.010943285800000E-02
  -2.241104946600000E+00   1.891170660100000E-01   9.537603514800000E-01   3.587153841700000E-01   2.737464584400000E-01   5.956236038700000E-02
  -2.247498384100000E+00   1.893604330400000E-01   9.538968600200000E-01   3.588020516500000E-01   2.734846540400000E-01   5.906284063700000E-02
  -2.253315414400000E+00   1.895848261500000E-01   9.540007143200000E-01   3.589102605400000E-01   2.732356215400000E-01   5.860702894100000E-02
  -2.258607383200000E+00   1.897914948800000E-01   9.540804797000000E-01   3.589904711700000E-01   2.730169530300000E-01   5.819132214100000E-02
  -2.263421209400000E+00   1.899816424800000E-01   9.541738222700000E-01   3.590593121200000E-01   2.728141278000000E-01   5.781236165500000E-02
  -2.267799729800000E+00   1.901564215500000E-01   9.542460897400000E-01   3.591379769000000E-01   2.726249966800000E-01   5.746703034000000E-02
  -2.271782027500000E+00   1.903169308900000E-01   9.543441571300000E-01   3.592034460900000E-01   2.724530113100000E-01   5.715244514500000E-02
  -2.275403740200000E+00   1.904642136100000E-01   9.543830547600000E-01   3.592473161500000E-01   2.722908813200000E-01   5.686594701700000E-02
  -2.278697349000000E+00   1.905992561000000E-01   9.544714422500000E-01   3.593090292300000E-01   2.721497654400000E-01   5.660508912200000E-02
  -2.281692446600000E+00   1.907229878800000E-01   9.545256885900000E-01   3.593625896900000E-01   2.720163721000000E-01   5.636762414700000E-02
  -2.284415985500000E+00   1.908362821100000E-01   9.545516421900000E-01   3.594020023200000E-01   2.718906672600000E-01   5.615149124600000E-02
  -2.286892504800000E+00   1.909399565100000E-01   9.546097319300000E-01   3.594362686700000E-01   2.717828771800000E-01   5.595480318000000E-02
  -2.288543812200000E+00   1.910094367400000E-01   9.546549071000000E-01   3.594723051800000E-01   2.717111538900000E-01   5.582357344100000E-02
  -2.289644811900000E+00   1.910559201800000E-01   9.546758876500000E-01   3.594873181700000E-01   2.716602213500000E-01   5.573604165900000E-02
  -2.290378867900000E+00   1.910869821800000E-01   9.546660598700000E-01   3.595015833300000E-01   2.716245268500000E-01   5.567766733400000E-02
  -2.290868263400000E+00   1.911077227700000E-01   9.546787474500000E-01   3.594961187600000E-01   2.716075828600000E-01   5.563874241200000E-02
  -2.291194537900000E+00   1.911215643500000E-01   9.547054751500000E-01   3.595134191000000E-01   2.715890123500000E-01   5.561278862300000E-02
  -2.291412059100000E+00   1.911307985500000E-01   9.546784090100000E-01   3.595099734700000E-01   2.715831818100000E-01   5.559548439900000E-02
  -2.291557075400000E+00   1.911369575600000E-01   9.547034401400000E-01   3.595115902800000E-01   2.715752000700000E-01   5.558394749600000E-02
  -2.291653754400000E+00   1.911410648600000E-01   9.547139317400000E-01   3.595226488300000E-01   2.715661950500000E-01   5.557625585200000E-02
  -2.297563239300000E+00   1.913940300000000E-01   9.547909673900000E-01   3.596083722900000E-01   2.713031021700000E-01   5.510572591800000E-02
  -2.303414952100000E+00   1.916483072600000E-01   9.549344951199999E-01   3.596995303500000E-01   2.710364153100000E-01   5.463910563600000E-02
  -2.303511716300000E+00   1.916525444200000E-01   9.549217103200000E-01   3.597042286100000E-01   2.710296569800000E-01   5.463138419100000E-02
  -2.303656863000000E+00   1.916589021800000E-01   9.549127034600000E-01   3.596997146000000E-01   2.710216882800000E-01   5.461980167100000E-02
  -2.303874585800000E+00   1.916684434300000E-01   9.549431345300000E-01   3.597196558100000E-01   2.710154775600000E-01   5.460242697000000E-02
  -2.304201175800000E+00   1.916827657400000E-01   9.549445286700000E-01   3.597240517100000E-01   2.710002083700000E-01   5.457636285100000E-02
  -2.304691074100000E+00   1.917042726900000E-01   9.549551552500000E-01   3.597306093400000E-01   2.709773927000000E-01   5.453726205000000E-02
  -2.305425951400000E+00   1.917365861300000E-01   9.549663338700000E-01   3.597407361700000E-01   2.709438124000000E-01   5.447860054200000E-02
  -2.306528333200000E+00   1.917851761100000E-01   9.549850691600000E-01   3.597570707100000E-01   2.708932390600000E-01   5.439058541800000E-02
  -2.308182051700000E+00   1.918583325200000E-01   9.550136511900000E-01   3.597823636600000E-01   2.708162664400000E-01   5.425851238600000E-02
  -2.310662948200000E+00   1.919686841800000E-01   9.550598780900000E-01   3.598221254100000E-01   2.706980493200000E-01   5.406029326400000E-02
  -2.313392355500000E+00   1.920909378100000E-01   9.551046163500000E-01   3.598611461900000E-01   2.705700062700000E-01   5.384210736000000E-02
  -2.316395183000000E+00   1.922264827600000E-01   9.551543293600000E-01   3.599091122700000E-01   2.704324838800000E-01   5.360193776900000E-02
  -2.319698835800000E+00   1.923768957100000E-01   9.552342405900000E-01   3.599727657700000E-01   2.702790752200000E-01   5.333756476400000E-02
  -2.323333460300000E+00   1.925439719500000E-01   9.553118332600000E-01   3.600343546100000E-01   2.701069625800000E-01   5.304654659200000E-02
  -2.327332213200000E+00   1.927297636300000E-01   9.553885627699999E-01   3.600991605100000E-01   2.699118899300000E-01   5.272619874200000E-02
  -2.331731555500000E+00   1.929366267500000E-01   9.554610250800000E-01   3.601550669800000E-01   2.697067830600000E-01   5.237357197400000E-02
  -2.336571571100000E+00   1.931672796400000E-01   9.555568801600000E-01   3.602489871400000E-01   2.694760241100000E-01   5.198542930900000E-02
  -2.341896311800000E+00   1.934248765500000E-01   9.556681730500000E-01   3.603159439600000E-01   2.692198786700000E-01   5.155822241700000E-02
  -2.347754166300000E+00   1.937131014000000E-01   9.557670108100000E-01   3.604263134000000E-01   2.689339325800000E-01   5.108806804500000E-02
  -2.354198252800000E+00   1.940362893900000E-01   9.558741328200000E-01   3.605282963200000E-01   2.686205307700000E-01   5.057072556700000E-02
  -2.361286826700000E+00   1.943995871600000E-01   9.560153643400000E-01   3.606339073900000E-01   2.682717062400000E-01   5.000157737200000E-02
  -2.369083695500000E+00   1.948091686500000E-01   9.561940217300000E-01   3.607745591500000E-01   2.678836444600000E-01   4.937561495400000E-02
  -2.377658617200000E+00   1.952725329500000E-01   9.563452284700000E-01   3.609097992600000E-01   2.674576098300000E-01   4.868743568800000E-02
  -2.387087648900000E+00   1.957989280400000E-01   9.565274737200000E-01   3.610665963900000E-01   2.669855228700000E-01   4.793125991000000E-02
  -2.397453385000000E+00   1.963999769500000E-01   9.567209637200000E-01   3.612361658200000E-01   2.664607069500000E-01   4.710098939600000E-02
  -2.408845004800000E+00   1.970906499000000E-01   9.569414194000000E-01   3.614196973600000E-01   2.658790441000000E-01   4.619036069900000E-02
  -2.421358061400000E+00   1.978908797700000E-01   9.571836978100000E-01   3.616169195000000E-01   2.652319431000000E-01   4.519334905000000E-02
  -2.435094153800000E+00   1.988285163000000E-01   9.574257672000001E-01   3.618245770900000E-01   2.645036687600000E-01   4.410532679700000E-02
  -2.450161119000000E+00   1.999454596400000E-01   9.576302999900000E-01   3.620541762600000E-01   2.636587304300000E-01   4.292670267500000E-02
  -2.466670318900000E+00   2.013120646600000E-01   9.576554571600000E-01   3.622490332000000E-01   2.625797717300000E-01   4.167482251500000E-02
  -2.483030310000000E+00   2.028856293100000E-01   9.571369904300000E-01   3.623068932100000E-01   2.611004071300000E-01   4.052591962200000E-02
  -2.498787883000000E+00   2.047375865100000E-01   9.555691369100000E-01   3.621669785400000E-01   2.589020336900000E-01   3.958166841100000E-02
  -2.500000724100000E+00   2.048993510400000E-01   9.553873377800000E-01   3.621297777300000E-01   2.586892832200000E-01   3.951764900200000E-02

