  -2.000000701700000E-01   1.138203545800000E-01   9.563772702900000E-01   3.498298824400000E-01   2.101682009500000E-01   9.079489340000001E-02
  -2.001000535800000E-01   1.138204970800000E-01   9.563766920200000E-01   3.498299650500000E-01   2.101720867800000E-01   9.079576015500000E-02
  -2.002500286700000E-01   1.138207109200000E-01   9.563750975700001E-01   3.498373690900000E-01   2.101782377100000E-01   9.079706014199999E-02
  -2.005499788600000E-01   1.138211389500000E-01   9.563596404400000E-01   3.498406407600000E-01   2.101900131700000E-01   9.079965958600000E-02
  -2.011498792400000E-01   1.138219964300000E-01   9.563680585900000E-01   3.498389689000000E-01   2.102122699800000E-01   9.080485636100000E-02
  -2.023496800200000E-01   1.138237170700000E-01   9.563511053300000E-01   3.498423432100000E-01   2.102577694500000E-01   9.081524144399999E-02
  -2.041493812600000E-01   1.138263122200000E-01   9.563390413900000E-01   3.498437701100000E-01   2.103292782500000E-01   9.083079787300000E-02
  -2.068489332600000E-01   1.138302369100000E-01   9.563250947900001E-01   3.498467247500000E-01   2.104352537300000E-01   9.085408472000001E-02
  -2.108982616100000E-01   1.138361958700000E-01   9.562946202400000E-01   3.498500907800000E-01   2.105927939500000E-01   9.088890707400001E-02
  -2.169722548500000E-01   1.138452962800000E-01   9.562610546900000E-01   3.498561303000000E-01   2.108299320500000E-01   9.094089654100000E-02
  -2.260832462800000E-01   1.138593118100000E-01   9.562029140400000E-01   3.498638307700000E-01   2.111856537100000E-01   9.101832734900001E-02
  -2.397497367700000E-01   1.138811577500000E-01   9.561267822700000E-01   3.498776701700000E-01   2.117216571900000E-01   9.113321396000000E-02
  -2.602494792900000E-01   1.139157832900000E-01   9.560061218700000E-01   3.498983407200000E-01   2.125285102200000E-01   9.130266035900000E-02
  -2.909991059100000E-01   1.139719193200000E-01   9.558135801600000E-01   3.499304133800000E-01   2.137499389000000E-01   9.155017225100000E-02
  -3.371235660400000E-01   1.140656431000000E-01   9.555318623900000E-01   3.499730336700000E-01   2.155986345700000E-01   9.190587181100000E-02
  -4.063102703700000E-01   1.142279335700000E-01   9.551116116300000E-01   3.500575702900000E-01   2.184096917500000E-01   9.240232770900000E-02
  -4.824155881300000E-01   1.144371362700000E-01   9.546392423100000E-01   3.501534610100000E-01   2.215526914900000E-01   9.289307352900000E-02
  -5.661312334700001E-01   1.147054103600000E-01   9.541520098800000E-01   3.502674982000000E-01   2.250682293600000E-01   9.335985232800000E-02
  -6.582179971600000E-01   1.150482995500000E-01   9.536013136600000E-01   3.504048206000000E-01   2.289990015400000E-01   9.377630979600000E-02
  -7.220510579400000E-01   1.153164815300000E-01   9.532433975400000E-01   3.505054323200000E-01   2.317580695500000E-01   9.400000000700000E-02
  -8.220320564600000E-01   1.157890321000000E-01   9.526866467800000E-01   3.506809649500000E-01   2.361290809600000E-01   9.423339915900000E-02
  -9.220114906600000E-01   1.163291095400000E-01   9.521408770300001E-01   3.508690800700000E-01   2.405489601900000E-01   9.431065062299999E-02
  -1.021988522000000E+00   1.169413678900000E-01   9.516362375400000E-01   3.510851937700000E-01   2.450012090700000E-01   9.421569745000000E-02
  -1.103242095900000E+00   1.174960040700000E-01   9.512347127500000E-01   3.512659879600000E-01   2.486259003300000E-01   9.400000000200000E-02
  -1.203212064000000E+00   1.182543016500000E-01   9.507845012900000E-01   3.515142336700000E-01   2.530872221200000E-01   9.354916705100000E-02
  -1.303176866500000E+00   1.191039750800000E-01   9.503625951400000E-01   3.517900148500000E-01   2.575180872300000E-01   9.287657911800000E-02
  -1.403134455100000E+00   1.200550498000000E-01   9.499802029400000E-01   3.520866862900000E-01   2.618951395800000E-01   9.196342936200000E-02
  -1.503082618300000E+00   1.211201231800000E-01   9.496618210600000E-01   3.523998329300000E-01   2.661949741100000E-01   9.079054929600000E-02
  -1.603018473800000E+00   1.223152925000000E-01   9.493810435900000E-01   3.527497038700000E-01   2.703803437900000E-01   8.933862109900000E-02
  -1.702938191500000E+00   1.236615589300000E-01   9.491690779300000E-01   3.531196450500000E-01   2.744179480100000E-01   8.758841996600000E-02
  -1.802836532200000E+00   1.251870276600000E-01   9.490115277100000E-01   3.535100043300000E-01   2.782708430100000E-01   8.552108716300000E-02
  -1.902706029700000E+00   1.269305245600000E-01   9.489382658100000E-01   3.539463786800000E-01   2.818962989400000E-01   8.311843594899999E-02
  -2.002535419500000E+00   1.289479159000000E-01   9.489289034700000E-01   3.544031622100000E-01   2.852549385000000E-01   8.036330233800000E-02
  -2.102306327900000E+00   1.313240835300000E-01   9.490124286800000E-01   3.548976481300000E-01   2.882925363800000E-01   7.723998337300000E-02
  -2.201985384500000E+00   1.341983139100000E-01   9.491954373600000E-01   3.554236114200000E-01   2.909607863000000E-01   7.373490681400000E-02
  -2.297563239300000E+00   1.376644232400000E-01   9.494580207100000E-01   3.559563258200000E-01   2.931213857500000E-01   7.000000152200000E-02

