   2.912211537500000E-06   2.935328502800000E-01   9.999905524000000E-01   3.848996538400000E-01   2.496224324400000E-06   1.469339492700000E-06
   2.912211537500000E-06   2.935328502800000E-01   9.999975631300000E-01   3.848949616200000E-01   2.496223822700000E-06   1.469339492700000E-06
   6.682858625000000E-07   2.935328958800000E-01   9.999928489900000E-01   3.849000744900000E-01   5.728257614099999E-07   3.371807469000000E-07
   2.575494654300000E-06   2.935328571200000E-01   9.999980290400000E-01   3.848996636300000E-01   2.207597827900000E-06   1.299451082800000E-06
   2.632687365900000E-06   2.935328559600000E-01   9.999994831400000E-01   3.848986827100000E-01   2.256612342600000E-06   1.328307311800000E-06
   2.483666034300000E-06   2.935328589800000E-01   9.999952982600000E-01   3.848987775500000E-01   2.128890059900000E-06   1.253119525300000E-06
   1.114384861900000E-06   2.935328868100000E-01   9.999995028000001E-01   3.848971864000000E-01   9.551974963000000E-07   5.622572237600000E-07
   9.442090132300000E-07   2.935328902700000E-01   9.999944857700001E-01   3.848987422300000E-01   8.093351083400000E-07   4.763960587300000E-07
   9.931689893400000E-07   2.935328892800000E-01   9.999995814100000E-01   3.849000244300000E-01   8.512971864000000E-07   5.010985092600000E-07
   2.195674420800000E-06   2.935328648400000E-01   9.999983900400000E-01   3.848933336000000E-01   1.882038188000000E-06   1.107815146500000E-06
   2.523618569400000E-06   2.935328581700000E-01   9.999911481800000E-01   3.848954227700000E-01   2.163138369700000E-06   1.273277327700000E-06
   4.139075325500000E-07   2.935329010500000E-01   9.999987426800000E-01   3.848994398500000E-01   3.547818436600000E-07   2.088357423700000E-07
   2.505687129600000E-06   2.935328585400000E-01   9.999884170500000E-01   3.848986980900000E-01   2.147755163400000E-06   1.264230131100000E-06
   1.270967211800000E-06   2.935328836300000E-01   9.999842604600000E-01   3.848933683400000E-01   1.089419518400000E-06   6.412598749700000E-07
   1.126214011900000E-06   2.935328865700000E-01   9.999923102300000E-01   3.848998632500000E-01   9.653417345100001E-07   5.682255483600000E-07
  -5.383412150500000E-07   2.935329204000000E-01   9.999926453500000E-01   3.849001870300000E-01  -8.310133895999999E-11  -2.716154436700000E-07
   1.951233181900000E-06   2.935328698000000E-01   9.999984485900000E-01   3.848993446700000E-01   1.672510432500000E-06   9.844838405600000E-07
   1.645085494500000E-06   2.935328760300000E-01   9.999997317200000E-01   3.848999100000000E-01   1.410082678900000E-06   8.300189286000000E-07
   1.635180622200000E-06   2.935328762300000E-01   9.999903959899999E-01   3.848942764800000E-01   1.401602470400000E-06   8.250214856200000E-07
   2.815791645200000E-06   2.935328522300000E-01   9.999877210700000E-01   3.848977836700000E-01   2.413576619100000E-06   1.420691436300000E-06
   1.139469039100000E-06   2.935328863000000E-01   9.999994960000000E-01   3.848998234900000E-01   9.766965842800001E-07   5.749132885100000E-07
   2.404060738100000E-06   2.935328606000000E-01   9.999883578700000E-01   3.848947902500000E-01   2.060657663200000E-06   1.212955167300000E-06
   2.776084188400000E-06   2.935328530400000E-01   9.999854842100000E-01   3.848972827200000E-01   2.379541135000000E-06   1.400657286500000E-06
   1.598897766800000E-06   2.935328769700000E-01   9.999970947700000E-01   3.848998747100000E-01   1.370498955600000E-06   8.067151975400000E-07
   2.202743374200000E-06   2.935328646900000E-01   9.999996011600000E-01   3.848929920400000E-01   1.888083821000000E-06   1.111381738200000E-06
   2.018375971900000E-06   2.935328684400000E-01   9.999944057900000E-01   3.848981205600000E-01   1.730059764200000E-06   1.018360304800000E-06
   1.850380474200000E-06   2.935328718500000E-01   9.999996993100000E-01   3.848998889800000E-01   1.586050252500000E-06   9.335992339299999E-07
   1.650200592000000E-06   2.935328759200000E-01   9.999997321000000E-01   3.848981705100000E-01   1.414473233900000E-06   8.325997197100000E-07
   1.664058678100000E-06   2.935328756400000E-01   9.999980275800000E-01   3.848975412100000E-01   1.426353867400000E-06   8.395917304300000E-07
   1.955473570400000E-06   2.935328697200000E-01   9.999996411400000E-01   3.848992483900000E-01   1.676135594200000E-06   9.866233023200000E-07
   1.726979947400000E-06   2.935328743600000E-01   9.999940348500000E-01   3.848973195400000E-01   1.480293444000000E-06   8.713382649700000E-07
   1.825438130600000E-06   2.935328723600000E-01   9.999988201100000E-01   3.848997328700000E-01   1.564688154800000E-06   9.210147312400000E-07
   1.817069760500000E-06   2.935328725300000E-01   9.999976887399999E-01   3.848945114000000E-01   1.557514602500000E-06   9.167925236200000E-07
   1.851214221500000E-06   2.935328718400000E-01   9.999984832500000E-01   3.848995831700000E-01   1.586780420300000E-06   9.340198994900000E-07
   1.841941409800000E-06   2.935328720300000E-01   9.999995300400000E-01   3.848980572000000E-01   1.578833429700000E-06   9.293413746400000E-07
   1.857701544400000E-06   2.935328717100000E-01   9.999996925300000E-01   3.848897613800000E-01   1.592343159600000E-06   9.372930417600000E-07
   1.827631587000000E-06   2.935328723200000E-01   9.999977118600000E-01   3.848954543000000E-01   1.566568715400000E-06   9.221214352800000E-07
   1.839747066000000E-06   2.935328720700000E-01   9.999960982400000E-01   3.848991466100000E-01   1.576941900300000E-06   9.282342264300000E-07
   1.843040085500000E-06   2.935328720000000E-01   9.999850918500000E-01   3.848920328200000E-01   1.579775812700000E-06   9.298957029100000E-07
   1.834093941800000E-06   2.935328721900000E-01   9.999967010400000E-01   3.848990958800000E-01   1.572106222800000E-06   9.253819847900000E-07
   1.845605515300000E-06   2.935328719500000E-01   9.999992179100000E-01   3.848998496300000E-01   1.581954647700000E-06   9.311900795500000E-07
   1.838299155700000E-06   2.935328721000000E-01   9.999996745200000E-01   3.848975823900000E-01   1.575707733100000E-06   9.275037031500000E-07
   1.839763531300000E-06   2.935328720700000E-01   9.999979050200000E-01   3.848954354700000E-01   1.576964630400000E-06   9.282425513300000E-07
   1.845609730300000E-06   2.935328719500000E-01   9.999986102900000E-01   3.848982476900000E-01   1.581973678300000E-06   9.311922187500000E-07
   1.846899091500000E-06   2.935328719300000E-01   9.999991687000001E-01   3.848992029100000E-01   1.583081871700000E-06   9.318427637000000E-07
   1.842112983900000E-06   2.935328720200000E-01   9.999934766000000E-01   3.848982317400000E-01   1.578981529900000E-06   9.294279671800000E-07
   1.843359453800000E-06   2.935328720000000E-01   9.999995388400000E-01   3.848998865900000E-01   1.580046662200000E-06   9.300568712200000E-07
   1.845461062300000E-06   2.935328719500000E-01   9.999841917600000E-01   3.848974399500000E-01   1.581850040300000E-06   9.311172273100000E-07
   1.848003197700000E-06   2.935328719000000E-01   9.999866551000000E-01   3.848945040200000E-01   1.584030203600000E-06   9.323998567300000E-07
   1.845140274400000E-06   2.935328719600000E-01   9.999996466000000E-01   3.848996858500000E-01   1.581566210000000E-06   9.309553950300000E-07
   1.854202829800000E-06   2.935328717800000E-01   9.999995473400000E-01   3.848997135200000E-01   1.589339152400000E-06   9.355278609300000E-07
   1.854337210200000E-06   2.935328717700000E-01   9.999995531100000E-01   3.848995252300000E-01   1.589458523800000E-06   9.355956698000000E-07
   1.852450703700000E-06   2.935328718100000E-01   9.999974976000000E-01   3.848993348700000E-01   1.587833650800000E-06   9.346438527500000E-07
   1.852288774200000E-06   2.935328718200000E-01   9.999983592400000E-01   3.848998938700000E-01   1.587699540600000E-06   9.345621608200000E-07
   1.856206967300000E-06   2.935328717400000E-01   9.999996681300000E-01   3.848992546000000E-01   1.591060576600000E-06   9.365390752400000E-07
   1.862150142300000E-06   2.935328716200000E-01   9.999988415200000E-01   3.848998156900000E-01   1.596156167400000E-06   9.395376748100000E-07
   1.864591564300000E-06   2.935328715700000E-01   9.999970097300001E-01   3.848978800000000E-01   1.598247836100000E-06   9.407694950700000E-07
   1.869653416400000E-06   2.935328714600000E-01   9.999996579400000E-01   3.848978050200000E-01   1.602581042700000E-06   9.433234394400000E-07
   1.871385165100000E-06   2.935328714300000E-01   9.999986492300000E-01   3.848912317500000E-01   1.604068962200000E-06   9.441971962100000E-07
   1.878645235000000E-06   2.935328712800000E-01   9.999993317900000E-01   3.848963071300000E-01   1.610294136300000E-06   9.478602344600000E-07
   1.878386937900000E-06   2.935328712900000E-01   9.999993590600000E-01   3.848982056300000E-01   1.610071372600000E-06   9.477299253200000E-07
   1.886603578800000E-06   2.935328711200000E-01   9.999974807400001E-01   3.848997808300000E-01   1.617116959200000E-06   9.518755942800000E-07
   1.884253490900000E-06   2.935328711700000E-01   9.999996856800000E-01   3.848892876700000E-01   1.615102016800000E-06   9.506898795600000E-07
   1.893959311100000E-06   2.935328709700000E-01   9.999994761800000E-01   3.848892373500000E-01   1.623421454700000E-06   9.555869203600000E-07
   1.899262290000000E-06   2.935328708600000E-01   9.999981907400000E-01   3.848883266800000E-01   1.627967674800000E-06   9.582625304400000E-07
   1.906620959000000E-06   2.935328707100000E-01   9.999988569600000E-01   3.848907024400000E-01   1.634274628900000E-06   9.619753315799999E-07
   1.912060098200000E-06   2.935328706000000E-01   9.999986798100000E-01   3.848967363600000E-01   1.638936742300000E-06   9.647196440700000E-07
   1.918828902000000E-06   2.935328704600000E-01   9.999933894400000E-01   3.848998103400000E-01   1.644739801600000E-06   9.681348319700000E-07
   1.924641702100000E-06   2.935328703500000E-01   9.999951490500000E-01   3.848964605400000E-01   1.649720095800000E-06   9.710676693600001E-07
   1.931428763300000E-06   2.935328702100000E-01   9.999948690100000E-01   3.848887800000000E-01   1.655537948100000E-06   9.744920649900000E-07
   1.938296856400000E-06   2.935328700700000E-01   9.999877636600000E-01   3.848874212800000E-01   1.661425217800000E-06   9.779573430299999E-07
   1.941761658900000E-06   2.935328700000000E-01   9.999985104100000E-01   3.848960709800000E-01   1.664396696900000E-06   9.797055087099999E-07
   1.945140213000000E-06   2.935328699300000E-01   9.999990976000001E-01   3.848897038500000E-01   1.667292406800000E-06   9.814101541500000E-07
   1.954846026500000E-06   2.935328697300000E-01   9.999948309500000E-01   3.848982235000000E-01   1.675604428400000E-06   9.863072100100000E-07
   1.963698240400000E-06   2.935328695500000E-01   9.999853860800000E-01   3.848966280900000E-01   1.683188412700000E-06   9.907735841600001E-07
   1.973808306100000E-06   2.935328693500000E-01   9.999921369500000E-01   3.848976714400000E-01   1.691849194700000E-06   9.958746011300000E-07
   1.986784954500000E-06   2.935328690800000E-01   9.999960314700000E-01   3.848993088100000E-01   1.702983629200000E-06   1.002421939400000E-06
   1.997766723900000E-06   2.935328688600000E-01   9.999988265700001E-01   3.848984524500000E-01   1.712398668800000E-06   1.007962774400000E-06
   2.006118532000000E-06   2.935328686900000E-01   9.999985106400000E-01   3.848998166000000E-01   1.719556528100000E-06   1.012176676400000E-06
   2.017751358100000E-06   2.935328684500000E-01   9.999926345800000E-01   3.848988464000000E-01   1.729525168900000E-06   1.018045992600000E-06
   2.027186515600000E-06   2.935328682600000E-01   9.999953436400000E-01   3.848973730800000E-01   1.737619145000000E-06   1.022806486600000E-06
   2.033710853600000E-06   2.935328681300000E-01   9.999985160900000E-01   3.848993353700000E-01   1.743212143700000E-06   1.026098340500000E-06
   2.042701579700000E-06   2.935328679500000E-01   9.999925246000000E-01   3.848974114200000E-01   1.750916968900000E-06   1.030634593600000E-06
   2.049303722500000E-06   2.935328678100000E-01   9.999915886800000E-01   3.848990658500000E-01   1.756576258800000E-06   1.033965769700000E-06
   2.065949965400000E-06   2.935328674700000E-01   9.999996063300000E-01   3.848998582100000E-01   1.770840919500000E-06   1.042364530300000E-06
   2.081005999000000E-06   2.935328671700000E-01   9.999982375899999E-01   3.848996978400000E-01   1.783743564000000E-06   1.049961039600000E-06
   2.097988598500000E-06   2.935328668200000E-01   9.999995114700000E-01   3.848984361600000E-01   1.798293286800000E-06   1.058529583300000E-06
   2.113530903300000E-06   2.935328665100000E-01   9.999924540500000E-01   3.848998232200000E-01   1.811625024800000E-06   1.066371440000000E-06
   2.130964588000000E-06   2.935328661500000E-01   9.999856884200000E-01   3.848998460000000E-01   1.826574274400000E-06   1.075167582700000E-06
   2.149960694400000E-06   2.935328657700000E-01   9.999996351100000E-01   3.848998356700000E-01   1.842854328600000E-06   1.084752043300000E-06
   2.167974223400000E-06   2.935328654000000E-01   9.999944979099999E-01   3.848961876300000E-01   1.858294196100000E-06   1.093840751000000E-06
   2.185148585600000E-06   2.935328650500000E-01   9.999995983300000E-01   3.848998407000000E-01   1.873013695000000E-06   1.102506059700000E-06
   2.204117425300000E-06   2.935328646700000E-01   9.999977993700000E-01   3.848993459000000E-01   1.889269835500000E-06   1.112076763000000E-06
   2.219584007800000E-06   2.935328643500000E-01   9.999935645000000E-01   3.848909152900000E-01   1.902532014900000E-06   1.119880418600000E-06
   2.235891553900000E-06   2.935328640200000E-01   9.999982856500000E-01   3.848998080800000E-01   1.916512985000000E-06   1.128108372700000E-06
   2.251020877400000E-06   2.935328637100000E-01   9.999996032300000E-01   3.848816701000000E-01   1.929476952900000E-06   1.135741855800000E-06
   2.262460032200000E-06   2.935328634800000E-01   9.999864214300000E-01   3.848988924700000E-01   1.939284358800000E-06   1.141513482700000E-06
   2.274565184300000E-06   2.935328632300000E-01   9.999888069700000E-01   3.848996496600000E-01   1.949657366000000E-06   1.147621136400000E-06
   2.300639530300000E-06   2.935328627000000E-01   9.999986095900000E-01   3.848889449700000E-01   1.972012762800000E-06   1.160776913600000E-06
   2.324667474900000E-06   2.935328622200000E-01   9.999924736900000E-01   3.848994165000000E-01   1.992604563100000E-06   1.172900219000000E-06
   2.352066642100000E-06   2.935328616600000E-01   9.999990403400000E-01   3.848926862000000E-01   2.016087617700000E-06   1.186724442300000E-06
   2.380274025000000E-06   2.935328610900000E-01   9.999991939000000E-01   3.848957642000000E-01   2.040268386100000E-06   1.200956459800000E-06
   2.406327074300000E-06   2.935328605600000E-01   9.999996074000000E-01   3.848991012600000E-01   2.062582342200000E-06   1.214101527200000E-06
   2.436312353900000E-06   2.935328599500000E-01   9.999995612100000E-01   3.848954414500000E-01   2.088300582700000E-06   1.229230582400000E-06
   2.464604936600000E-06   2.935328593700000E-01   9.999908382900000E-01   3.848994295000000E-01   2.112549452600000E-06   1.243505595800000E-06
   2.491524603200000E-06   2.935328588200000E-01   9.999976536100000E-01   3.848967474000000E-01   2.135613003500000E-06   1.257087915800000E-06
   2.520087274000000E-06   2.935328582400000E-01   9.999993795000000E-01   3.848874443600000E-01   2.160111846400000E-06   1.271499210800000E-06
   2.549120471900000E-06   2.935328576500000E-01   9.999995852900000E-01   3.848858399000000E-01   2.185000408900000E-06   1.286147913000000E-06
   2.578302369500000E-06   2.935328570600000E-01   9.999982765300000E-01   3.848957154600000E-01   2.209996252900000E-06   1.300871646400000E-06
   2.609287053000000E-06   2.935328564300000E-01   9.999986101200000E-01   3.848997235100000E-01   2.236568814300000E-06   1.316504974300000E-06
   2.641092340900000E-06   2.935328557800000E-01   9.999921640200000E-01   3.848991085500000E-01   2.263835969300000E-06   1.332552340300000E-06
   2.672234225700000E-06   2.935328551500000E-01   9.999839066300000E-01   3.848982239000000E-01   2.290527068000000E-06   1.348264995100000E-06
   2.704172805700000E-06   2.935328545000000E-01   9.999952962699999E-01   3.848997625600000E-01   2.317895293200000E-06   1.364379629100000E-06
   2.738891300500000E-06   2.935328538000000E-01   9.999940859899999E-01   3.848988306100000E-01   2.347661572700000E-06   1.381896859000000E-06
   2.772793321000000E-06   2.935328531100000E-01   9.999892604900000E-01   3.848940887900000E-01   2.376719322400000E-06   1.399002149500000E-06
   2.807096013200000E-06   2.935328524100000E-01   9.999974308700000E-01   3.848984215600000E-01   2.406107698600000E-06   1.416309606000000E-06
   2.843931507500000E-06   2.935328516600000E-01   9.999818143400000E-01   3.848935703700000E-01   2.437694307200000E-06   1.434894983400000E-06
   2.880130711600000E-06   2.935328509300000E-01   9.999988011299999E-01   3.848997346100000E-01   2.468724803200000E-06   1.453159332200000E-06
   2.915910653700000E-06   2.935328502000000E-01   9.999983678600000E-01   3.848997022800000E-01   2.499393981300000E-06   1.471212154800000E-06
   2.956172922700000E-06   2.935328493800000E-01   9.999948220400000E-01   3.848994984400000E-01   2.533899787000000E-06   1.491526519500000E-06
   2.994327781300000E-06   2.935328486100000E-01   9.999975435300000E-01   3.848960251600000E-01   2.566605715900000E-06   1.510777610900000E-06
   3.034343526900000E-06   2.935328477900000E-01   9.999995068100000E-01   3.848984496000000E-01   2.600916189300000E-06   1.530967615200000E-06
   3.070963647500000E-06   2.935328470500000E-01   9.999990614399999E-01   3.848949095300000E-01   2.632305613500000E-06   1.549444359300000E-06
   3.105252579400000E-06   2.935328463500000E-01   9.999982213600001E-01   3.848913439300000E-01   2.661696400500000E-06   1.566744898100000E-06
   3.136597110100000E-06   2.935328457100000E-01   9.999982087200000E-01   3.848988122700000E-01   2.688562582400000E-06   1.582559840200000E-06
   3.159224647800000E-06   2.935328452500000E-01   9.999966243500000E-01   3.848996912900000E-01   2.707962663000000E-06   1.593976978700000E-06
   3.227357797900000E-06   2.935328438700000E-01   9.999954891600000E-01   3.848969861000000E-01   2.766350581700000E-06   1.628353232300000E-06
   3.286613668700000E-06   2.935328426700000E-01   9.999922297200000E-01   3.848996203200000E-01   2.817139231100000E-06   1.658251005000000E-06
   3.348220219600000E-06   2.935328414100000E-01   9.999972873200000E-01   3.848987001700000E-01   2.869957625200000E-06   1.689334774700000E-06
   3.412802936400000E-06   2.935328401000000E-01   9.999936236200000E-01   3.848970046600000E-01   2.925317514800000E-06   1.721920136700000E-06
   3.479582351900000E-06   2.935328387400000E-01   9.999982647300000E-01   3.848995938800000E-01   2.982550818700000E-06   1.755613872100000E-06
   3.545933068400000E-06   2.935328374000000E-01   9.999974099000000E-01   3.848902466800000E-01   3.039421498700000E-06   1.789091306900000E-06
   3.610475091300000E-06   2.935328360800000E-01   9.999916365400000E-01   3.848900856900000E-01   3.094754795000000E-06   1.821656219300000E-06
   3.675607964900000E-06   2.935328347600000E-01   9.999918694600000E-01   3.848995513200000E-01   3.150584398700000E-06   1.854519231900000E-06
   3.742197623400000E-06   2.935328334100000E-01   9.999992063000001E-01   3.848889604200000E-01   3.207649880200000E-06   1.888117285100000E-06
   3.810417951700000E-06   2.935328320200000E-01   9.999993659200000E-01   3.848968790900000E-01   3.266127456400000E-06   1.922538111600000E-06
   3.880380820700000E-06   2.935328306000000E-01   9.999864390400000E-01   3.848907275200000E-01   3.326104170300000E-06   1.957838157600000E-06
   3.951417523100000E-06   2.935328291500000E-01   9.999993319900000E-01   3.848977310900000E-01   3.386998023600000E-06   1.993680032000000E-06
   4.024914257500000E-06   2.935328276600000E-01   9.999991138700000E-01   3.848979905100000E-01   3.449997174600000E-06   2.030763134600000E-06
   4.099686847700000E-06   2.935328261400000E-01   9.999989708800000E-01   3.848973281200000E-01   3.514073183500000E-06   2.068489996800000E-06
   4.176143010600000E-06   2.935328245900000E-01   9.999983886900000E-01   3.848977780500000E-01   3.579625147600000E-06   2.107066330600000E-06
   4.254304610500000E-06   2.935328230000000E-01   9.999817226000000E-01   3.848958661900000E-01   3.646595438100000E-06   2.146503170100000E-06
   4.334851610000000E-06   2.935328213600000E-01   9.999920486500000E-01   3.848972487200000E-01   3.715647570700000E-06   2.187143590600000E-06
   4.416635011300000E-06   2.935328197000000E-01   9.999794817200000E-01   3.848935082100000E-01   3.785748327600000E-06   2.228407869400000E-06
   4.500528699400000E-06   2.935328180000000E-01   9.999902917900000E-01   3.848978896700000E-01   3.857671399500000E-06   2.270736923300000E-06
   4.586055637900000E-06   2.935328162600000E-01   9.999989863400000E-01   3.848892153500000E-01   3.930986582100000E-06   2.313890069700000E-06
   4.673965748400000E-06   2.935328144700000E-01   9.999987040200000E-01   3.848906459000000E-01   4.006331280300000E-06   2.358245677900000E-06
   4.763988003200000E-06   2.935328126400000E-01   9.999984395900000E-01   3.848976921000000E-01   4.083505261400000E-06   2.403667006000000E-06
   4.855246445800000E-06   2.935328107900000E-01   9.999990245100000E-01   3.848994236400000E-01   4.161712011500000E-06   2.449712092900000E-06
   4.949687681000000E-06   2.935328088700000E-01   9.999990135400000E-01   3.848966266200000E-01   4.242656588200000E-06   2.497363095500000E-06
   5.045539070600000E-06   2.935328069200000E-01   9.999988018500000E-01   3.848994015300000E-01   4.324837965300000E-06   2.545725636300000E-06
   5.143703815500000E-06   2.935328049200000E-01   9.999924696600000E-01   3.848993377700000E-01   4.408951487800000E-06   2.595255425800000E-06
   5.243611266200000E-06   2.935328028900000E-01   9.999981582200000E-01   3.848887832300000E-01   4.494606927900000E-06   2.645664545500000E-06
   5.346201801900000E-06   2.935328008100000E-01   9.999914881999999E-01   3.848989135400000E-01   4.582531144000000E-06   2.697427463100000E-06
   5.451124918700000E-06   2.935327986800000E-01   9.999978171500000E-01   3.848972569600000E-01   4.672492339800000E-06   2.750367338500000E-06
   5.558309003700000E-06   2.935327965000000E-01   9.999965892900000E-01   3.848988066500000E-01   4.764336813100000E-06   2.804448039200000E-06
   5.667579088300000E-06   2.935327942800000E-01   9.999875324400000E-01   3.848954226600000E-01   4.858025717100000E-06   2.859581289700000E-06
   5.779333293400000E-06   2.935327920100000E-01   9.999928495900000E-01   3.848977424100000E-01   4.953819602500000E-06   2.915967961200000E-06
   5.894058479000000E-06   2.935327896700000E-01   9.999982641100000E-01   3.848937937300000E-01   5.052155493900000E-06   2.973853704900000E-06
   6.010730845900000E-06   2.935327873000000E-01   9.999917888300000E-01   3.848963618300000E-01   5.152133053800000E-06   3.032721964600000E-06
   6.129664538200000E-06   2.935327848900000E-01   9.999988355100000E-01   3.848974792800000E-01   5.254080314200000E-06   3.092731247600000E-06
   6.252223003400000E-06   2.935327824000000E-01   9.999974128200000E-01   3.848911077400000E-01   5.359166593400000E-06   3.154569480100000E-06
   6.377013294400000E-06   2.935327798600000E-01   9.999989582800000E-01   3.848959629700000E-01   5.466131919200000E-06   3.217533855600000E-06
   6.504306823200000E-06   2.935327772700000E-01   9.999985285100000E-01   3.848991733100000E-01   5.575220312300000E-06   3.281761321800000E-06
   6.634591653000000E-06   2.935327746300000E-01   9.999989046100000E-01   3.848989899400000E-01   5.686910142400000E-06   3.347498131600000E-06
   6.754945476700000E-06   2.935327721800000E-01   9.999980784800000E-01   3.848991163400000E-01   5.790044792100000E-06   3.408224184700000E-06
   6.867153384200000E-06   2.935327699000000E-01   9.999988850100000E-01   3.848971819500000E-01   5.886226144600000E-06   3.464840138900000E-06
   6.970378820500000E-06   2.935327678000000E-01   9.999986031100000E-01   3.848987333100000E-01   5.974738541600000E-06   3.516923913200000E-06
   7.074002266400000E-06   2.935327656900000E-01   9.999957707400000E-01   3.848964241000000E-01   6.063576031500000E-06   3.569208674200000E-06
   7.292736370700000E-06   2.935327612500000E-01   9.999905065900000E-01   3.848985944100000E-01   6.251034323100000E-06   3.679573821100000E-06
   7.513670641200000E-06   2.935327567600000E-01   9.999982447800000E-01   3.848911036500000E-01   6.440394435400000E-06   3.791049575500000E-06
   7.743188072500001E-06   2.935327521000000E-01   9.999986854700000E-01   3.848941916700000E-01   6.637130311200000E-06   3.906856159700000E-06
   7.973150365900000E-06   2.935327474200000E-01   9.999975321300000E-01   3.848984795900000E-01   6.834258627500000E-06   4.022887088000000E-06
   8.202830420700000E-06   2.935327427500000E-01   9.999816568900000E-01   3.848981303400000E-01   7.031163784800000E-06   4.138776301800000E-06
   8.431512516300000E-06   2.935327381100000E-01   9.999985825400000E-01   3.848920800800000E-01   7.227178324600000E-06   4.254161873200000E-06
   8.666915854499999E-06   2.935327333200000E-01   9.999975028800000E-01   3.848977458400000E-01   7.428901004200000E-06   4.372938934300000E-06
   8.909180154200000E-06   2.935327284000000E-01   9.999971414000000E-01   3.848977576600000E-01   7.636576807500000E-06   4.495177989600000E-06
   9.158802077200001E-06   2.935327233300000E-01   9.999968020100000E-01   3.848977282900000E-01   7.850580607600000E-06   4.621129656800000E-06
   9.415452021400000E-06   2.935327181100000E-01   9.999951785700000E-01   3.848944509300000E-01   8.070599132100000E-06   4.750627654000000E-06
   9.679608981200000E-06   2.935327127400000E-01   9.999983363600000E-01   3.848945674400000E-01   8.297004369400001E-06   4.883913675800000E-06
   9.951593360400000E-06   2.935327072200000E-01   9.999966746100000E-01   3.848924772100000E-01   8.530120506300000E-06   5.021149407200000E-06
   1.023131146800000E-05   2.935327015300000E-01   9.999938931800000E-01   3.848828262800000E-01   8.769898427700000E-06   5.162287600400000E-06
   1.051943161900000E-05   2.935326956800000E-01   9.999982136700000E-01   3.848971623800000E-01   9.016900193200001E-06   5.307665477900000E-06
   1.081567663500000E-05   2.935326896600000E-01   9.999964778600000E-01   3.848953448000000E-01   9.270836490200001E-06   5.457143218300000E-06
   1.112066343900000E-05   2.935326834600000E-01   9.999974292400000E-01   3.848970916200000E-01   9.532257123300000E-06   5.611032116600000E-06
   1.143440235400000E-05   2.935326770800000E-01   9.999980493600000E-01   3.848971141100000E-01   9.801074597699999E-06   5.769337414300000E-06
   1.175717102700000E-05   2.935326705200000E-01   9.999979573200000E-01   3.848914717800000E-01   1.007786322300000E-05   5.932199228100000E-06
   1.208942043400000E-05   2.935326637700000E-01   9.999930208200000E-01   3.848882034200000E-01   1.036261658400000E-05   6.099845131400000E-06
   1.243133904000000E-05   2.935326568200000E-01   9.999971179800000E-01   3.848982616500000E-01   1.065562501900000E-05   6.272370253700000E-06
   1.278290894700000E-05   2.935326496800000E-01   9.999979184200000E-01   3.848967731200000E-01   1.095702330900000E-05   6.449765600900000E-06
   1.314474797200000E-05   2.935326423200000E-01   9.999976949100000E-01   3.848974629100000E-01   1.126723168200000E-05   6.632342932600000E-06
   1.351719597000000E-05   2.935326347600000E-01   9.999916122600000E-01   3.848964149900000E-01   1.158646855800000E-05   6.820273766000000E-06
   1.390043970000000E-05   2.935326269700000E-01   9.999940588000000E-01   3.848979677900000E-01   1.191502379500000E-05   7.013652375900000E-06
   1.429452346000000E-05   2.935326189600000E-01   9.999961969000000E-01   3.848925815500000E-01   1.225282755100000E-05   7.212501161400000E-06
   1.470004900400000E-05   2.935326107200000E-01   9.999960708700000E-01   3.848976399700000E-01   1.260044195700000E-05   7.417123789600000E-06
   1.511728921200000E-05   2.935326022400000E-01   9.999938972600000E-01   3.848977364900000E-01   1.295792747300000E-05   7.627657995400000E-06
   1.554645046700000E-05   2.935325935200000E-01   9.999974294000000E-01   3.848923837500000E-01   1.332596167900000E-05   7.844207966300000E-06
   1.598798734700000E-05   2.935325845400000E-01   9.999973594600000E-01   3.848927520400000E-01   1.370433679100000E-05   8.067003119300000E-06
   1.644230403000000E-05   2.935325753100000E-01   9.999958260800000E-01   3.848965312200000E-01   1.409383904400000E-05   8.296247449499999E-06
   1.690968008400000E-05   2.935325658100000E-01   9.999965032100000E-01   3.848946482400000E-01   1.449440413900000E-05   8.532082079399999E-06
   1.739061430800000E-05   2.935325560400000E-01   9.999947960600000E-01   3.848958307600000E-01   1.490669807400000E-05   8.774758751500000E-06
   1.788527723700000E-05   2.935325459900000E-01   9.999911963900000E-01   3.848972635700000E-01   1.533077578700000E-05   9.024363585200000E-06
   1.839421976200000E-05   2.935325356500000E-01   9.999885659000000E-01   3.848967023000000E-01   1.576701877800000E-05   9.281174612499999E-06
   1.891771679200000E-05   2.935325250100000E-01   9.999966976800000E-01   3.848969362000000E-01   1.621576512000000E-05   9.545330626000000E-06
   1.945628764900000E-05   2.935325140600000E-01   9.999927724200000E-01   3.848883326000000E-01   1.667741619800000E-05   9.817093739000001E-06
   2.001031482200000E-05   2.935325028000000E-01   9.999837837300000E-01   3.848946583100000E-01   1.715233816400000E-05   1.009665703300000E-05
   2.058035404400000E-05   2.935324912200000E-01   9.999965586000000E-01   3.848957471400000E-01   1.764095290700000E-05   1.038430100600000E-05
   2.116669096600000E-05   2.935324793100000E-01   9.999962632800000E-01   3.848906589800000E-01   1.814343835400000E-05   1.068016989300000E-05
   2.176985260000000E-05   2.935324670500000E-01   9.999963111600000E-01   3.848967986400000E-01   1.866059458900000E-05   1.098452970800000E-05
   2.239037709400000E-05   2.935324544400000E-01   9.999882793200000E-01   3.848959914500000E-01   1.919243493400000E-05   1.129765209800000E-05
   2.302862897700000E-05   2.935324414700000E-01   9.999957314600000E-01   3.848933858400000E-01   1.973937042200000E-05   1.161972111200000E-05
   2.368531488300000E-05   2.935324281200000E-01   9.999812884600000E-01   3.848963455800000E-01   2.030249347700000E-05   1.195109341900000E-05
   2.436078023500000E-05   2.935324144000000E-01   9.999947915200000E-01   3.848954631500000E-01   2.088151154500000E-05   1.229194344800000E-05
   2.505558621100000E-05   2.935324002800000E-01   9.999938878300000E-01   3.848900348100000E-01   2.147710975500000E-05   1.264255448800000E-05
   2.577038302700000E-05   2.935323857500000E-01   9.999781731900000E-01   3.848933838800000E-01   2.208985548900000E-05   1.300325477100000E-05
   2.650564745000000E-05   2.935323708100000E-01   9.999871904800000E-01   3.848958954700000E-01   2.272012839200000E-05   1.337428502000000E-05
   2.726204168400000E-05   2.935323554400000E-01   9.999886587100000E-01   3.848957833200000E-01   2.336842854400000E-05   1.375597953000000E-05
   2.804010018800000E-05   2.935323396300000E-01   9.999934475500000E-01   3.848942359300000E-01   2.403543237800000E-05   1.414860815300000E-05
   2.884045485300000E-05   2.935323233700000E-01   9.999917825900000E-01   3.848781579000000E-01   2.472123496100000E-05   1.455248991400000E-05
   2.966377795900000E-05   2.935323066400000E-01   9.999951654600000E-01   3.848943911200000E-01   2.542712351100000E-05   1.496796422400000E-05
   3.051062811700000E-05   2.935322894300000E-01   9.999881503600000E-01   3.848935005500000E-01   2.615305691800000E-05   1.539531315900000E-05
   3.138182548000000E-05   2.935322717300000E-01   9.999946217700000E-01   3.848945178000000E-01   2.689996391800000E-05   1.583495076500000E-05
   3.227792742600000E-05   2.935322535200000E-01   9.999886927300000E-01   3.848946761300000E-01   2.766818038700000E-05   1.628715852100000E-05
   3.311477483000000E-05   2.935322365100000E-01   9.999946125300000E-01   3.848947043300000E-01   2.838553053200000E-05   1.670946633100000E-05
   3.397367414200000E-05   2.935322190600000E-01   9.999944816300000E-01   3.848949309600000E-01   2.912148651900000E-05   1.714290470300000E-05
   3.576228376300000E-05   2.935321827200000E-01   9.999941951500000E-01   3.848945308000000E-01   3.065469258800000E-05   1.804552273100000E-05
   3.764421322200000E-05   2.935321444800000E-01   9.999921724300000E-01   3.848942330800000E-01   3.226820817800000E-05   1.899524505100000E-05
   3.962541209200000E-05   2.935321042200000E-01   9.999869373800000E-01   3.848937976400000E-01   3.396658850300000E-05   1.999507560500000E-05
   4.171202376200000E-05   2.935320618200000E-01   9.999932233900000E-01   3.848928679200000E-01   3.575493039400000E-05   2.104811643300000E-05
   4.390841762200000E-05   2.935320171900000E-01   9.999888038800000E-01   3.848904660900000E-01   3.763771665800000E-05   2.215657481200000E-05
   4.622065836000000E-05   2.935319702100000E-01   9.999924380600000E-01   3.848920951900000E-01   3.961991743800000E-05   2.332351363300000E-05
   4.865482732300000E-05   2.935319207500000E-01   9.999906121100000E-01   3.848926500700000E-01   4.170670039600000E-05   2.455200452100000E-05
   5.121760125200000E-05   2.935318686800000E-01   9.999842457800000E-01   3.848901911600000E-01   4.390341990200000E-05   2.584541987100000E-05
   5.391526660100000E-05   2.935318138700000E-01   9.999908253899999E-01   3.848903879200000E-01   4.621628694100000E-05   2.720693554300000E-05
   5.675539429100000E-05   2.935317561700000E-01   9.999843578499999E-01   3.848914023300000E-01   4.865110157400000E-05   2.864037592900000E-05
   5.974528982400000E-05   2.935316954200000E-01   9.999808314000000E-01   3.848890073900000E-01   5.121419510500000E-05   3.014943197900000E-05
   6.289295315400000E-05   2.935316314700000E-01   9.999751356100000E-01   3.848842487300000E-01   5.391266426800000E-05   3.173814557800000E-05
   6.620659226400001E-05   2.935315641500000E-01   9.999887684800000E-01   3.848898275600000E-01   5.675335611200000E-05   3.341066416500000E-05
   6.969507506199999E-05   2.935314932700000E-01   9.999816765500000E-01   3.848891739800000E-01   5.974380794000000E-05   3.517146881300000E-05
   7.336752435400000E-05   2.935314186700000E-01   9.999878179600000E-01   3.848835933400000E-01   6.289163543200001E-05   3.702516993100000E-05
   7.723367794599999E-05   2.935313401200000E-01   9.999873863299999E-01   3.848874067700000E-01   6.620655421500001E-05   3.897668904700000E-05
   8.130378953600001E-05   2.935312574400000E-01   9.999867882100000E-01   3.848866550400000E-01   6.969550174700000E-05   4.103120889600000E-05
   8.558857441100000E-05   2.935311703900000E-01   9.999856903600000E-01   3.848842693100000E-01   7.336930553100000E-05   4.319414608800000E-05
   9.009936226400000E-05   2.935310787600000E-01   9.999828976800000E-01   3.848721737200000E-01   7.723597839100000E-05   4.547122836200000E-05
   9.484808414999999E-05   2.935309823000000E-01   9.999830989900000E-01   3.848795102500000E-01   8.130754227299999E-05   4.786848809200000E-05
   9.984733751899999E-05   2.935308807400000E-01   9.999787206300000E-01   3.848822590400000E-01   8.559364606300001E-05   5.039229525600000E-05
   1.051102792500000E-04   2.935307738400000E-01   9.999828715900000E-01   3.848797207900000E-01   9.010529293200001E-05   5.304930359500000E-05
   1.106508540300000E-04   2.935306613000000E-01   9.999777046500000E-01   3.848791316000000E-01   9.485514232900000E-05   5.584656602300000E-05
   1.164837139700000E-04   2.935305428200000E-01   9.999735968400000E-01   3.848817338200000E-01   9.985640204399999E-05   5.879149423600000E-05
   1.226243428600000E-04   2.935304181000000E-01   9.999783360300000E-01   3.848802582500000E-01   1.051211506600000E-04   6.189192161499999E-05
   1.290889067900000E-04   2.935302868000000E-01   9.999663148200000E-01   3.848802802600000E-01   1.106641129400000E-04   6.515602808299999E-05
   1.358945629900000E-04   2.935301485800000E-01   9.999762024000000E-01   3.848729349700000E-01   1.164991163300000E-04   6.859249616000000E-05
   1.430593224800000E-04   2.935300030700000E-01   9.999656589600000E-01   3.848781064900000E-01   1.226425566600000E-04   7.221044196100000E-05
   1.506021453800000E-04   2.935298498900000E-01   9.999750033500000E-01   3.848701400600000E-01   1.291098659800000E-04   7.601946357799999E-05
   1.585430188400000E-04   2.935296886400000E-01   9.999738317000000E-01   3.848757474700000E-01   1.359186792000000E-04   8.002968071800000E-05
   1.669029644700000E-04   2.935295188700000E-01   9.999641490200000E-01   3.848740035700000E-01   1.430868155300000E-04   8.425173886400000E-05
   1.757041329400000E-04   2.935293401600000E-01   9.999608781100000E-01   3.848710908900000E-01   1.506335152600000E-04   8.869685737800000E-05
   1.849698581300000E-04   2.935291520200000E-01   9.999697499000000E-01   3.848684316700000E-01   1.585784801600000E-04   9.337685731899999E-05
   1.947246651300000E-04   2.935289539600000E-01   9.999678190400000E-01   3.848698454700000E-01   1.669434229000000E-04   9.830416594500000E-05
   2.049944455500000E-04   2.935287454600000E-01   9.999651524299999E-01   3.848678636300000E-01   1.757487339900000E-04   1.034919057700000E-04
   2.158064276900000E-04   2.935285259600000E-01   9.999648854500000E-01   3.848668450300000E-01   1.850198548000000E-04   1.089538801000000E-04
   2.271892799700000E-04   2.935282948800000E-01   9.999625934500000E-01   3.848641899300000E-01   1.947829041400000E-04   1.147046259600000E-04
   2.391732296100000E-04   2.935280516200000E-01   9.999611454700000E-01   3.848630918100000E-01   2.050574753400000E-04   1.207594746800000E-04
   2.517900619200000E-04   2.935277955200000E-01   9.999442088300000E-01   3.848491710900000E-01   2.158801085500000E-04   1.271345524200000E-04
   2.650732837500000E-04   2.935275259200000E-01   9.999561327599999E-01   3.848590337800000E-01   2.272697076800000E-04   1.338468635900000E-04
   2.790581812600000E-04   2.935272420900000E-01   9.999485067400000E-01   3.848571497900000E-01   2.392660908300000E-04   1.409143210100000E-04
   2.937819040200000E-04   2.935269433000000E-01   9.999422104400000E-01   3.848515564800000E-01   2.518935788600000E-04   1.483557895200000E-04
   3.092835973900000E-04   2.935266287300000E-01   9.999496376900000E-01   3.848498644600000E-01   2.651881408800000E-04   1.561911540600000E-04
   3.256044724000000E-04   2.935262975800000E-01   9.999434895400000E-01   3.848498902900000E-01   2.791883824000000E-04   1.644413563200000E-04
   3.427879511900000E-04   2.935259489500000E-01   9.999440678200000E-01   3.848389553700000E-01   2.939259703100000E-04   1.731284697300000E-04
   3.608797647100000E-04   2.935255819200000E-01   9.999410491400000E-01   3.848408779000000E-01   3.094464941000000E-04   1.822757504700000E-04
   3.799280835600000E-04   2.935251955300000E-01   9.999368645700000E-01   3.848404343800000E-01   3.257866235300000E-04   1.919077054400000E-04
   3.999836579700000E-04   2.935247887500000E-01   9.999331569000000E-01   3.848326998400000E-01   3.429901270100000E-04   2.020501650300000E-04
   4.210999370400000E-04   2.935243604900000E-01   9.999260443300000E-01   3.848353343700000E-01   3.611035459900000E-04   2.127303456200000E-04
   4.433332332500000E-04   2.935239096400000E-01   9.999183717200000E-01   3.848291080800000E-01   3.801800129500000E-04   2.239769352900000E-04
   4.667428720800000E-04   2.935234349800000E-01   9.999227927200000E-01   3.848198791500000E-01   4.002658489700000E-04   2.358201721600000E-04
   4.913913613600000E-04   2.935229352700000E-01   9.999176761300000E-01   3.848241373500000E-01   4.214121180100000E-04   2.482919331200000E-04
   5.173445491600000E-04   2.935224091800000E-01   9.999099793000000E-01   3.848202797400000E-01   4.436829162300000E-04   2.614258170300000E-04
   5.446718198900000E-04   2.935218553100000E-01   9.999093908700000E-01   3.848155150100000E-01   4.671327046000000E-04   2.752572476700000E-04
   5.734462832700000E-04   2.935212722000000E-01   9.999060442600000E-01   3.848111422900000E-01   4.918226375800000E-04   2.898235735100000E-04
   6.037449682500000E-04   2.935206582900000E-01   9.999021470100000E-01   3.848052730900000E-01   5.178287026600000E-04   3.051641703600000E-04
   6.356490678600000E-04   2.935200119600000E-01   9.998934562600000E-01   3.848010961400000E-01   5.452104104800000E-04   3.213205704300000E-04
   6.692441232200000E-04   2.935193314900000E-01   9.998831582500000E-01   3.847953279800000E-01   5.740455534600000E-04   3.383365610600000E-04
   7.046202974200000E-04   2.935186150700000E-01   9.998665951100000E-01   3.847801228500000E-01   6.044113720399999E-04   3.562583296300000E-04
   7.418726195600000E-04   2.935178608000000E-01   9.998741713000000E-01   3.847834115700000E-01   6.363878273299999E-04   3.751345940500000E-04
   7.811012567100000E-04   2.935170666700000E-01   9.998680279500000E-01   3.847636758600000E-01   6.700682403000000E-04   3.950167481000000E-04
   8.224117864800000E-04   2.935162305800000E-01   9.998588018500000E-01   3.847669953600000E-01   7.055374576400000E-04   4.159590081000000E-04
   8.659155062900000E-04   2.935153503000000E-01   9.998554723300001E-01   3.847633001700000E-01   7.428846875700000E-04   4.380185789200000E-04
   9.117297599900000E-04   2.935144234800000E-01   9.998461380000000E-01   3.847565586400000E-01   7.822296427300000E-04   4.612558299200000E-04
   9.599782564600000E-04   2.935134476600000E-01   9.998415630700001E-01   3.847525211700000E-01   8.236650666400000E-04   4.857344680700000E-04
   1.010791437700000E-03   2.935124202500000E-01   9.998353921299999E-01   3.847344145000000E-01   8.673143425000000E-04   5.115217373100000E-04
   1.064306860000000E-03   2.935113385000000E-01   9.998276581900000E-01   3.847353152900000E-01   9.132768029700000E-04   5.386886260800000E-04
   1.120669578200000E-03   2.935101995300000E-01   9.998162251900000E-01   3.847242604300000E-01   9.617050996100000E-04   5.673100779500000E-04
   1.180032586600000E-03   2.935090003000000E-01   9.998072411600000E-01   3.847081771200000E-01   1.012709668100000E-03   5.974652327600000E-04
   1.242557258000000E-03   2.935077376200000E-01   9.997862995600000E-01   3.847090800100000E-01   1.066429720700000E-03   6.292376688100001E-04
   1.308413825200000E-03   2.935064081100000E-01   9.997865275300000E-01   3.846991390400000E-01   1.123026973500000E-03   6.627156686300000E-04
   1.377781881300000E-03   2.935050082200000E-01   9.997686759900000E-01   3.846873479200000E-01   1.182655126200000E-03   6.979924969500000E-04
   1.450850913200000E-03   2.935035342200000E-01   9.997650080500000E-01   3.846751704600000E-01   1.245474289600000E-03   7.351666978600000E-04
   1.527820883100000E-03   2.935019821700000E-01   9.997519056300000E-01   3.846545388000000E-01   1.311642018400000E-03   7.743424195999999E-04
   1.608902818600000E-03   2.935003479100000E-01   9.997335141200000E-01   3.846517804900000E-01   1.381361501300000E-03   8.156297468400000E-04
   1.694319457400000E-03   2.934986270700000E-01   9.997202392400000E-01   3.846376450100000E-01   1.454840787700000E-03   8.591450642900000E-04
   1.784305930700000E-03   2.934968150400000E-01   9.997037735600000E-01   3.846238863500000E-01   1.532245187400000E-03   9.050114441400000E-04
   1.879110486600000E-03   2.934949069800000E-01   9.996901805000000E-01   3.846077000800000E-01   1.613819322300000E-03   9.533590582900000E-04
   1.978995255300000E-03   2.934928977600000E-01   9.996799039700000E-01   3.845923771000000E-01   1.699764918500000E-03   1.004325616700000E-03
   2.084237073400000E-03   2.934907820000000E-01   9.996508438800000E-01   3.845761438400000E-01   1.790357535400000E-03   1.058056841300000E-03
   2.195128348600000E-03   2.934885540300000E-01   9.996328723700000E-01   3.845608193600000E-01   1.885819590300000E-03   1.114706966800000E-03
   2.311977994800000E-03   2.934862078600000E-01   9.996211193200000E-01   3.845395586200000E-01   1.986443589600000E-03   1.174439283800000E-03
   2.435112409200000E-03   2.934837372000000E-01   9.995963755800000E-01   3.845267410800000E-01   2.092504377100000E-03   1.237426710800000E-03
   2.564876533300000E-03   2.934811354000000E-01   9.995807309400000E-01   3.845003801300000E-01   2.204304881000000E-03   1.303852417500000E-03
   2.701634972700000E-03   2.934783954800000E-01   9.995630707299999E-01   3.844789582200000E-01   2.322165866400000E-03   1.373910487200000E-03
   2.845773188600000E-03   2.934755100600000E-01   9.995297611700000E-01   3.844505106100000E-01   2.446411843200000E-03   1.447806626000000E-03
   2.997698780000000E-03   2.934724713900000E-01   9.994973266700000E-01   3.844415271600000E-01   2.577415806600000E-03   1.525758929300000E-03
   3.157842842000000E-03   2.934692712900000E-01   9.994802128000000E-01   3.844157579000000E-01   2.715552463800000E-03   1.607998700500000E-03
   3.326661427400000E-03   2.934659011500000E-01   9.994599826700000E-01   3.843918698600000E-01   2.861206252600000E-03   1.694771335200000E-03
   3.504637093700000E-03   2.934623518900000E-01   9.994357159600000E-01   3.843581094700000E-01   3.014804319100000E-03   1.786337265800000E-03
   3.692280573700000E-03   2.934586139500000E-01   9.994032395200000E-01   3.843356207700000E-01   3.176837835200000E-03   1.882972985900000E-03
   3.890132552500000E-03   2.934546772900000E-01   9.993645427200000E-01   3.843058948300000E-01   3.347726829900000E-03   1.984972147500000E-03
   4.098765569400000E-03   2.934505313000000E-01   9.993293501000000E-01   3.842654943100000E-01   3.527993418400000E-03   2.092646744700000E-03
   4.318786060500000E-03   2.934461648200000E-01   9.992901723900000E-01   3.842296340000000E-01   3.718211574400000E-03   2.206328391300000E-03
   4.550836541600000E-03   2.934415661200000E-01   9.992644830800000E-01   3.841907513200000E-01   3.918924901000000E-03   2.326369697300000E-03
   4.795597952900000E-03   2.934367228200000E-01   9.992163832600000E-01   3.841700315300000E-01   4.130704846600000E-03   2.453145757300000E-03
   5.053792168900000E-03   2.934316219200000E-01   9.991843244000000E-01   3.841176030100000E-01   4.354222574100000E-03   2.587055754200000E-03
   5.326184692800000E-03   2.934262497400000E-01   9.991444566100000E-01   3.840879610700000E-01   4.590123325300000E-03   2.728524694800000E-03
   5.613587554000000E-03   2.934205919000000E-01   9.990998282200000E-01   3.840440500100000E-01   4.839200707500000E-03   2.878005288000000E-03
   5.916862412300000E-03   2.934146332400000E-01   9.990427219700000E-01   3.840010051800000E-01   5.102190530200000E-03   3.035979973100000E-03
   6.236923900400000E-03   2.934083578900000E-01   9.989911710300000E-01   3.839388330900000E-01   5.379886475400000E-03   3.202963118900000E-03
   6.574743210900000E-03   2.934017491300000E-01   9.989483534200000E-01   3.839028885500000E-01   5.673175080900000E-03   3.379503402500000E-03
   6.931351957900000E-03   2.933947894400000E-01   9.988778634700000E-01   3.838420129200000E-01   5.982971201500000E-03   3.566186388300000E-03
   7.307846327200000E-03   2.933874604200000E-01   9.988326652500000E-01   3.837939702600000E-01   6.310277616000000E-03   3.763637322600000E-03
   7.705391544400000E-03   2.933797427800000E-01   9.987604237300000E-01   3.837264522100000E-01   6.656138420800000E-03   3.972524163900000E-03
   8.125226680800001E-03   2.933716163200000E-01   9.986983209100000E-01   3.836569583300000E-01   7.021605706300000E-03   4.193560869300000E-03
   8.568669827400000E-03   2.933630599000000E-01   9.986342033300000E-01   3.836060604000000E-01   7.408053271600000E-03   4.427510960000000E-03
   9.037123661800000E-03   2.933540514300000E-01   9.985600619300000E-01   3.835304873700000E-01   7.816598856099999E-03   4.675191388700000E-03
   9.532081439800000E-03   2.933445678100000E-01   9.984840058300000E-01   3.834537481600000E-01   8.248631842200000E-03   4.937476736500000E-03
   1.005513344300000E-02   2.933345850200000E-01   9.983873512300000E-01   3.833729515600000E-01   8.705617807100000E-03   5.215303766800000E-03
   1.060797391000000E-02   2.933240780200000E-01   9.983046498500000E-01   3.832932322100000E-01   9.189039694700000E-03   5.509676363200000E-03
   1.119240849200000E-02   2.933130208200000E-01   9.982230714800000E-01   3.832171515400000E-01   9.700656716300000E-03   5.821670886300000E-03
   1.181036225600000E-02   2.933013865000000E-01   9.981299849000000E-01   3.831283740300000E-01   1.024227031200000E-02   6.152441977300000E-03
   1.246388827800000E-02   2.932891472600000E-01   9.980146399499999E-01   3.830231090700000E-01   1.081569968700000E-02   6.503228845600000E-03
   1.315517684200000E-02   2.932762744600000E-01   9.979172143900000E-01   3.829240364100000E-01   1.142292349900000E-02   6.875362070100000E-03
   1.388656529400000E-02   2.932627387600000E-01   9.978022285000000E-01   3.828215074700000E-01   1.206624022400000E-02   7.270270951400000E-03
   1.466054855000000E-02   2.932485101900000E-01   9.976904664100000E-01   3.827011246000000E-01   1.274787188800000E-02   7.689491442500000E-03
   1.547979028800000E-02   2.932335583600000E-01   9.975634532900000E-01   3.825915475400000E-01   1.347034541000000E-02   8.134674690900000E-03
   1.634713483000000E-02   2.932178526500000E-01   9.974246775100000E-01   3.824533270000000E-01   1.423638989100000E-02   8.607596213599999E-03
   1.726561968300000E-02   2.932013625100000E-01   9.972729745900000E-01   3.823321074800000E-01   1.504876278000000E-02   9.110165722000000E-03
   1.823848874000000E-02   2.931840577400000E-01   9.971389174300000E-01   3.821836803200000E-01   1.591064889100000E-02   9.644437605000000E-03
   1.926920605400000E-02   2.931659089900000E-01   9.969853854300000E-01   3.820411701600000E-01   1.682541840400000E-02   1.021262205900000E-02
   2.036147011300000E-02   2.931468882000000E-01   9.968200728100000E-01   3.818696833200000E-01   1.779639861500000E-02   1.081709683300000E-02
   2.151922846600000E-02   2.931269693200000E-01   9.966316797800000E-01   3.817138410100000E-01   1.882743451600000E-02   1.146041954300000E-02
   2.274669251100000E-02   2.931061290500000E-01   9.964462656500001E-01   3.815399554600000E-01   1.992271255900000E-02   1.214534044300000E-02
   2.404835217200000E-02   2.930843478100000E-01   9.962503386100000E-01   3.813533402300000E-01   2.108643601200000E-02   1.287481552900000E-02
   2.542899009200000E-02   2.930616108500000E-01   9.960533963900000E-01   3.811549244200000E-01   2.232349832800000E-02   1.365201976700000E-02
   2.689369488300000E-02   2.930379097100000E-01   9.958365751900000E-01   3.809436901200000E-01   2.363871137200000E-02   1.448036015800000E-02
   2.844787278400000E-02   2.930132438000000E-01   9.956030209800000E-01   3.807183445600000E-01   2.503748975000000E-02   1.536348828400000E-02
   3.009725696400000E-02   2.929876224300000E-01   9.953636168300000E-01   3.804775476000000E-01   2.652544584200000E-02   1.630531181100000E-02
   3.184791345100000E-02   2.929610670800000E-01   9.951028416100000E-01   3.802192078000000E-01   2.810866516900000E-02   1.731000433800000E-02
   3.370624246900000E-02   2.929336142100000E-01   9.948168145600000E-01   3.799574829200000E-01   2.979390306900000E-02   1.838201275800000E-02
   3.567897369400000E-02   2.929053184300000E-01   9.945377405700000E-01   3.796778146900000E-01   3.158755253600000E-02   1.952606114100000E-02
   3.777315365100000E-02   2.928762562000000E-01   9.942247025099999E-01   3.793757041700000E-01   3.349724241000000E-02   2.074714988900000E-02
   3.999612317400000E-02   2.928465301200000E-01   9.939025307200000E-01   3.790526910800000E-01   3.553023677200000E-02   2.205054872400000E-02
   4.235548261100000E-02   2.928162737700000E-01   9.935587524000000E-01   3.787096997100000E-01   3.769453547200000E-02   2.344178176800000E-02
   4.485904221700000E-02   2.927856571300000E-01   9.931884338200000E-01   3.783544260900000E-01   3.999842226400000E-02   2.492660283000000E-02
   4.751475507500000E-02   2.927548925300000E-01   9.927966861000000E-01   3.779701629000000E-01   4.245070033200000E-02   2.651095881000000E-02
   5.033062184500000E-02   2.927242412700000E-01   9.923901594300000E-01   3.775497976700000E-01   4.505970220500000E-02   2.820093418200000E-02
   5.331014060700000E-02   2.926940635800000E-01   9.919568168100000E-01   3.771235219200000E-01   4.783056756000000E-02   2.999999471400000E-02
   5.601949556000000E-02   2.926686770500000E-01   9.915613542200000E-01   3.767231822100000E-01   5.035815136300000E-02   3.164527061100000E-02
   5.933649462300000E-02   2.926403173200000E-01   9.910863449700000E-01   3.762347480600000E-01   5.346399347900000E-02   3.367119775900000E-02
   6.284278194400000E-02   2.926136625100000E-01   9.905911358400000E-01   3.757043286900000E-01   5.676028660700000E-02   3.582613706500000E-02
   6.654465996400000E-02   2.925893068800000E-01   9.900495665600000E-01   3.751565279700000E-01   6.025363695800000E-02   3.811559808400000E-02
   7.044753653900000E-02   2.925679292500000E-01   9.894824734200000E-01   3.745620873400000E-01   6.395257217500000E-02   4.054459587100000E-02
   7.455571613600000E-02   2.925502949400000E-01   9.889052369900000E-01   3.739394471100000E-01   6.786220956199999E-02   4.311749644900000E-02
   7.887220062300000E-02   2.925372553100000E-01   9.882842332200000E-01   3.732765888100000E-01   7.198700038899999E-02   4.583786299100000E-02
   8.339851404400001E-02   2.925297441700000E-01   9.876345777100000E-01   3.725729277300000E-01   7.633230441500000E-02   4.870831253200000E-02
   8.813456651800000E-02   2.925287708600000E-01   9.869514568400000E-01   3.718281891800000E-01   8.089788041700000E-02   5.173039405000000E-02
   9.307857138400000E-02   2.925354100700000E-01   9.862370997200000E-01   3.710436212400000E-01   8.568631948900000E-02   5.490449865700000E-02
   9.822702652500000E-02   2.925507884600000E-01   9.854937945600000E-01   3.702146556700000E-01   9.069396760499999E-02   5.822981103200000E-02
   1.035747656900000E-01   2.925760688500000E-01   9.847215437500000E-01   3.693464441400000E-01   9.592008124600000E-02   6.170430820300000E-02
   1.091150792500000E-01   2.926124326600000E-01   9.839256420100000E-01   3.684315554100000E-01   1.013574077400000E-01   6.532480757000000E-02
   1.148398969000000E-01   2.926610617500000E-01   9.831079163699999E-01   3.674761933800000E-01   1.070024062300000E-01   6.908706139100000E-02
   1.207400192900000E-01   2.927231206000000E-01   9.822583980900000E-01   3.664850510000000E-01   1.128453095000000E-01   7.298589055200000E-02
   1.268053809800000E-01   2.927997399700000E-01   9.813684280900000E-01   3.654422072200000E-01   1.188781631900000E-01   7.701534706000000E-02
   1.330253260200000E-01   2.928920026700000E-01   9.804820318200000E-01   3.643642921100000E-01   1.250919704400000E-01   8.116889287200001E-02
   1.393888779900000E-01   2.930009321400000E-01   9.795501294200000E-01   3.632544135600000E-01   1.314764652700000E-01   8.543958256700000E-02
   1.458849893900000E-01   2.931274839400000E-01   9.786102893700001E-01   3.620873071300000E-01   1.380200637200000E-01   8.982023869100000E-02
   1.525027593300000E-01   2.932725402300000E-01   9.776526674600000E-01   3.609053549200000E-01   1.447149366500000E-01   9.430361105600001E-02
   1.592316131500000E-01   2.934369069100000E-01   9.766735433700000E-01   3.596826487100000E-01   1.515483557800000E-01   9.888251412800000E-02
   1.660614415700000E-01   2.936213131400000E-01   9.756749103300000E-01   3.584177845700000E-01   1.585107798700000E-01   1.035499395300000E-01
   1.729827008300000E-01   2.938264126900000E-01   9.746542768699999E-01   3.571320354900000E-01   1.655940615800000E-01   1.082991431200000E-01
   1.799864772000000E-01   2.940527867600000E-01   9.736442445600000E-01   3.558154330100000E-01   1.727867668400000E-01   1.131237080800000E-01
   1.870645211500000E-01   2.943009477600000E-01   9.726044054100000E-01   3.544676207500000E-01   1.800825901700000E-01   1.180175865500000E-01
   1.942092566700000E-01   2.945713436900000E-01   9.715555297900000E-01   3.530907824200000E-01   1.874711820000000E-01   1.229751230200000E-01
   2.014137732300000E-01   2.948643629200000E-01   9.705042595500000E-01   3.516970758200000E-01   1.949455888100000E-01   1.279910643900000E-01
   2.086785011100000E-01   2.951806404100000E-01   9.694367834500000E-01   3.502648674800000E-01   2.025067363600000E-01   1.330652436900000E-01
   2.347270259400000E-01   2.964877452100000E-01   9.656083074100000E-01   3.450665047100000E-01   2.297956700200000E-01   1.513815377600000E-01
   2.465310257200000E-01   2.971696738800000E-01   9.638680516900000E-01   3.426738453400000E-01   2.422478877300000E-01   1.597381556900000E-01
   2.502687530400000E-01   2.973972927400000E-01   9.633138079400000E-01   3.418988566300000E-01   2.462009441900000E-01   1.623909203000000E-01
   2.540123681400000E-01   2.976309081900000E-01   9.627731517500000E-01   3.411336815200000E-01   2.501637140600000E-01   1.650509257200000E-01
   2.577619689900000E-01   2.978705539500000E-01   9.622176219800000E-01   3.403688527100000E-01   2.541390260900000E-01   1.677181760700000E-01
   2.615172264900000E-01   2.981162353100000E-01   9.616681984400000E-01   3.395912442300000E-01   2.581229706700000E-01   1.703923729200000E-01
   2.652778301300000E-01   2.983679560200000E-01   9.611090323300000E-01   3.388013887500000E-01   2.621177914400000E-01   1.730732315000000E-01
   2.690434870400000E-01   2.986257184300000E-01   9.605603278500000E-01   3.380316759900000E-01   2.661230752300000E-01   1.757604801100000E-01
   2.728139209500000E-01   2.988895235300000E-01   9.600101562700000E-01   3.372402632400000E-01   2.701370960700000E-01   1.784538594500000E-01
   2.765888713300000E-01   2.991593709600000E-01   9.594558228100000E-01   3.364566956600000E-01   2.741597069500000E-01   1.811531220800000E-01
   2.803680925000000E-01   2.994352591600000E-01   9.588916652600000E-01   3.356680862100000E-01   2.781913718200000E-01   1.838580317900000E-01
   2.841513527300000E-01   2.997171853500000E-01   9.583460455900000E-01   3.348740509300000E-01   2.822307340800000E-01   1.865683631200000E-01
   2.879384335400000E-01   3.000051456300000E-01   9.577845388500000E-01   3.340716446200000E-01   2.862784321700000E-01   1.892839007500000E-01
   2.917291288900000E-01   3.002991350000000E-01   9.572354906800000E-01   3.332806922800000E-01   2.903332275700000E-01   1.920044390800000E-01
   2.955232444600000E-01   3.005991474100000E-01   9.566705918500000E-01   3.324699182200000E-01   2.943960130100000E-01   1.947297817000000E-01
   2.993205970200000E-01   3.009051758400000E-01   9.561245482900000E-01   3.316808608300000E-01   2.984648203300000E-01   1.974597409800000E-01
   3.031210137800000E-01   3.012172122800000E-01   9.555594064900000E-01   3.308679621600000E-01   3.025417398900000E-01   2.001941375600000E-01
   3.069243317700000E-01   3.015352478300000E-01   9.550095691900000E-01   3.300583336800000E-01   3.066229919200000E-01   2.029328000300000E-01
   3.107303972900000E-01   3.018592727000000E-01   9.544561053900000E-01   3.292631249800000E-01   3.107133963800000E-01   2.056755644800000E-01
   3.145390653700000E-01   3.021892762800000E-01   9.538936841700000E-01   3.284474436200000E-01   3.148065131500000E-01   2.084222741500000E-01
   3.183501992700000E-01   3.025252471100000E-01   9.533392840500000E-01   3.276380414900000E-01   3.189090421200000E-01   2.111727790400000E-01
   3.221636700100000E-01   3.028671730000000E-01   9.527888891300000E-01   3.268302290100000E-01   3.230132126100000E-01   2.139269356300000E-01
   3.259793559100000E-01   3.032150410000000E-01   9.522245986700000E-01   3.260116824400000E-01   3.271269852000000E-01   2.166846065400000E-01
   3.297971421700000E-01   3.035688374400000E-01   9.516711027800000E-01   3.251880843800000E-01   3.312419975200000E-01   2.194456602000000E-01
   3.336169205000000E-01   3.039285479700000E-01   9.511194803700000E-01   3.243780304200000E-01   3.353654086200000E-01   2.222099705900000E-01
   3.374385886900000E-01   3.042941575900000E-01   9.505661336700000E-01   3.235669407200000E-01   3.394912628100000E-01   2.249774169900000E-01
   3.412620503200000E-01   3.046656506500000E-01   9.500105381100000E-01   3.227391332500000E-01   3.436225969900000E-01   2.277478836700000E-01
   3.450872144000000E-01   3.050430109000000E-01   9.494508928800000E-01   3.219205064600000E-01   3.477587029400000E-01   2.305212596900000E-01
   3.489139950300000E-01   3.054262215300000E-01   9.489025137600000E-01   3.211034016500000E-01   3.518973650500000E-01   2.332974386300000E-01
   3.527423111800000E-01   3.058152651200000E-01   9.483488465300000E-01   3.202875706100000E-01   3.560423020400000E-01   2.360763184300000E-01
   3.565720863400000E-01   3.062101237600000E-01   9.477824586500000E-01   3.194558767500000E-01   3.601883638200000E-01   2.388578011300000E-01
   3.604032483100000E-01   3.066107790000000E-01   9.472418716200000E-01   3.186407644700000E-01   3.643421133900000E-01   2.416417926800000E-01
   3.642357289200000E-01   3.070172118700000E-01   9.466910312800000E-01   3.178192675700000E-01   3.684979390100000E-01   2.444282027800000E-01
   3.680694638200000E-01   3.074294029700000E-01   9.461267561000000E-01   3.169861135200000E-01   3.726556773400000E-01   2.472169446800000E-01
   3.719043922800000E-01   3.078473323900000E-01   9.455851723299999E-01   3.161722119700000E-01   3.768182549700000E-01   2.500079350200000E-01
   3.757404569400000E-01   3.082709798000000E-01   9.450379068500000E-01   3.153429480300000E-01   3.809850676800000E-01   2.528010936900000E-01
   3.795776036500000E-01   3.087003244700000E-01   9.444833575400000E-01   3.145120483400000E-01   3.851529508500000E-01   2.555963436500000E-01
   3.834157813100000E-01   3.091353452000000E-01   9.439229805000000E-01   3.136951467800000E-01   3.893241927300000E-01   2.583936108000000E-01
   3.872549416400000E-01   3.095760204700000E-01   9.433847483800000E-01   3.128729743500000E-01   3.935005311400000E-01   2.611928238400000E-01
   3.910950390800000E-01   3.100223283200000E-01   9.428401844400000E-01   3.120459795300000E-01   3.976777942100000E-01   2.639939141600000E-01
   3.949360306000000E-01   3.104742464700000E-01   9.422890405400000E-01   3.112132681900000E-01   4.018560970800000E-01   2.667968157100000E-01
   3.987778755700000E-01   3.109317522700000E-01   9.417323136300000E-01   3.103872058100000E-01   4.060406179400000E-01   2.696014648700000E-01
   4.026205356400000E-01   3.113948227500000E-01   9.411912052500000E-01   3.095619786400000E-01   4.102270247000000E-01   2.724078003600000E-01
   4.064639745900000E-01   3.118634346200000E-01   9.406514476500000E-01   3.087386265000000E-01   4.144139985800000E-01   2.752157631200000E-01
   4.103081582300000E-01   3.123375642800000E-01   9.401073442200000E-01   3.079185881500000E-01   4.186024241400000E-01   2.780252962300000E-01
   4.141530543000000E-01   3.128171878500000E-01   9.395592065600000E-01   3.070950549500000E-01   4.227970213700000E-01   2.808363448100000E-01
   4.179986323000000E-01   3.133022811400000E-01   9.390072054500000E-01   3.062675956700000E-01   4.269921652200000E-01   2.836488559100000E-01
   4.218448634900000E-01   3.137928197200000E-01   9.384689442100000E-01   3.054492787600000E-01   4.311879204100000E-01   2.864627784600000E-01
   4.256917207000000E-01   3.142887788900000E-01   9.379325704700000E-01   3.046211219300000E-01   4.353845140800000E-01   2.892780631800000E-01
   4.295391783200000E-01   3.147901337200000E-01   9.373931116500001E-01   3.037898096500000E-01   4.395873155300000E-01   2.920946624800000E-01
   4.333872121600000E-01   3.152968590400000E-01   9.368518266900000E-01   3.029733584400000E-01   4.437904333800000E-01   2.949125304200000E-01
   4.372357994000000E-01   3.158089294500000E-01   9.363087963500000E-01   3.021566823100000E-01   4.479939264400000E-01   2.977316226200000E-01
   4.410849185100000E-01   3.163263193300000E-01   9.357649257600000E-01   3.013362537800000E-01   4.521977802500000E-01   3.005518962000000E-01
   4.449345491800000E-01   3.168490029000000E-01   9.352257104700000E-01   3.005141095800000E-01   4.564064573700000E-01   3.033733097300000E-01
   4.487846722400000E-01   3.173769541400000E-01   9.346882233700000E-01   2.996945896500000E-01   4.606167371100000E-01   3.061958231400000E-01
   4.526352696400000E-01   3.179101468800000E-01   9.341610822999999E-01   2.988670949900000E-01   4.648271210800000E-01   3.090193977100000E-01
   4.564863243400000E-01   3.184485547600000E-01   9.336272063800000E-01   2.980461891500000E-01   4.690375651800000E-01   3.118439959700000E-01
   4.603378202700000E-01   3.189921512800000E-01   9.330891332900000E-01   2.972368754400000E-01   4.732500107800000E-01   3.146695816700000E-01
   4.641897423100000E-01   3.195409097600000E-01   9.325486727900000E-01   2.964216358700000E-01   4.774663335300000E-01   3.174961197300000E-01
   4.680420762000000E-01   3.200948033900000E-01   9.320215103100000E-01   2.956025515100000E-01   4.816827991800000E-01   3.203235762200000E-01
   4.718948085000000E-01   3.206538052200000E-01   9.314936168000000E-01   2.947820122100000E-01   4.858994526300000E-01   3.231519182400000E-01
   4.757479265600000E-01   3.212178881800000E-01   9.309636773600000E-01   2.939689636100000E-01   4.901163905000000E-01   3.259811139800000E-01
   4.796014184900000E-01   3.217870250800000E-01   9.304331767300000E-01   2.931567881200000E-01   4.943347675500000E-01   3.288111325700000E-01
   4.834552730600000E-01   3.223611886100000E-01   9.298960134900000E-01   2.923491038900000E-01   4.985567746000000E-01   3.316419441600000E-01
   4.873094797500000E-01   3.229403513600000E-01   9.293690302900000E-01   2.915381224100000E-01   5.027785330800000E-01   3.344735197700000E-01
   4.911640286400000E-01   3.235244858200000E-01   9.288484243000000E-01   2.907263591700000E-01   5.070001951899999E-01   3.373058313300000E-01
   4.950189104200000E-01   3.241135644200000E-01   9.283241685100000E-01   2.899131096900000E-01   5.112217943000000E-01   3.401388516100000E-01
   4.988741163300000E-01   3.247075594600000E-01   9.277971145000000E-01   2.890979822500000E-01   5.154452723600000E-01   3.429725542300000E-01
   5.027296381700000E-01   3.253064432100000E-01   9.272672740000000E-01   2.882986059900000E-01   5.196713413200000E-01   3.458069135600000E-01
   5.065854682099999E-01   3.259101878600000E-01   9.267447665100000E-01   2.874961432200000E-01   5.238974671200000E-01   3.486419047700000E-01
   5.104415992200000E-01   3.265187655200000E-01   9.262282793400000E-01   2.866932047800000E-01   5.281235703500000E-01   3.514775037200000E-01
   5.142980244399999E-01   3.271321482800000E-01   9.257090726600000E-01   2.858896594300000E-01   5.323495637100000E-01   3.543136870100000E-01
   5.181547375000000E-01   3.277503081500000E-01   9.251889711800000E-01   2.850866275200000E-01   5.365753110800000E-01   3.571504319200000E-01
   5.220117324800000E-01   3.283732171400000E-01   9.246682193400000E-01   2.842838871600000E-01   5.408039462999999E-01   3.599877163600000E-01
   5.258690038100000E-01   3.290008471800000E-01   9.241464205900000E-01   2.834799926900000E-01   5.450337079599999E-01   3.628255189000000E-01
   5.297265463100000E-01   3.296331701900000E-01   9.236261417800000E-01   2.826801223800000E-01   5.492632606700000E-01   3.656638187000000E-01
   5.335843551200000E-01   3.302701580900000E-01   9.231156103600000E-01   2.818882587500000E-01   5.534927021800000E-01   3.685025955300000E-01
   5.374424257400000E-01   3.309117827500000E-01   9.226036314000000E-01   2.810952944900000E-01   5.577219439900000E-01   3.713418297000000E-01
   5.413007539600000E-01   3.315580160500000E-01   9.220913711099999E-01   2.803041220400000E-01   5.619511131900000E-01   3.741815021000000E-01
   5.451593358500000E-01   3.322088298400000E-01   9.215786893200000E-01   2.795119608700000E-01   5.661809649000000E-01   3.770215941200000E-01
   5.490181678000000E-01   3.328641959900000E-01   9.210657862200000E-01   2.787198916600000E-01   5.704135091000000E-01   3.798620876800000E-01
   5.528772464200000E-01   3.335240863800000E-01   9.205476320100000E-01   2.779220884500000E-01   5.746458142200001E-01   3.827029652000000E-01
   5.567365686000000E-01   3.341884728700000E-01   9.200398093800000E-01   2.771542833400000E-01   5.788779061700000E-01   3.855442095400000E-01
   5.605961314500000E-01   3.348573273600000E-01   9.195372254600001E-01   2.765076634200000E-01   5.831097216000000E-01   3.883858040700000E-01
   5.644559323100000E-01   3.355306217600000E-01   9.190316774700000E-01   2.758676010300000E-01   5.873412416500000E-01   3.912277325700000E-01
   5.683159687300000E-01   3.362083280000000E-01   9.185252899400000E-01   2.752164845700000E-01   5.915726087099999E-01   3.940699792700000E-01
   5.721762384500000E-01   3.368904180500000E-01   9.180185359800000E-01   2.745783862300000E-01   5.958034879800000E-01   3.969125288000000E-01
   5.760367394300000E-01   3.375768638900000E-01   9.175123760300000E-01   2.739351952500000E-01   6.000378733700000E-01   3.997553662000000E-01
   5.798974697700000E-01   3.382676375600000E-01   9.170052697800000E-01   2.732985589200000E-01   6.042715928000000E-01   4.025984769200000E-01
   5.837584277700000E-01   3.389627111300000E-01   9.165057444200000E-01   2.726651988400000E-01   6.085048569100000E-01   4.054418467500000E-01
   5.876196118800000E-01   3.396620567100000E-01   9.160083988100000E-01   2.720343645000000E-01   6.127376873400000E-01   4.082854618800000E-01
   5.914810207100000E-01   3.403656464600000E-01   9.155111969900001E-01   2.714065199400000E-01   6.169701041500000E-01   4.111293088200000E-01
   5.953426530000000E-01   3.410734526000000E-01   9.150136961999999E-01   2.707633325800000E-01   6.212022152800000E-01   4.139733744500000E-01
   5.992045076300000E-01   3.417854473900000E-01   9.145159832400001E-01   2.701422241600000E-01   6.254337396300000E-01   4.168176459700000E-01
   6.030665836200000E-01   3.425016031800000E-01   9.140182301100001E-01   2.695219923000000E-01   6.296673706600000E-01   4.196621108900000E-01
   6.069288801000000E-01   3.432218923500000E-01   9.135205092200001E-01   2.688912303800000E-01   6.339012217300000E-01   4.225067570600000E-01
   6.107913963200000E-01   3.439462873500000E-01   9.130223207400000E-01   2.682701482800000E-01   6.381345792799999E-01   4.253515726000000E-01
   6.146541316400000E-01   3.446747607300000E-01   9.125336311500000E-01   2.676415704200000E-01   6.423674844500000E-01   4.281965459400000E-01
   6.185170855200000E-01   3.454072850700000E-01   9.120452374000000E-01   2.670361921600000E-01   6.466000460200000E-01   4.310416657900000E-01
   6.223802575200000E-01   3.461438330600000E-01   9.115558756100000E-01   2.664073734100000E-01   6.508321870300000E-01   4.338869211200000E-01
   6.262436472900000E-01   3.468843774400000E-01   9.110665147900000E-01   2.658047190600000E-01   6.550635543200000E-01   4.367323011900000E-01
   6.301072545700001E-01   3.476288910600000E-01   9.105782108500000E-01   2.651729070700000E-01   6.592946146200001E-01   4.395777955100000E-01
   6.339710791700000E-01   3.483773468200000E-01   9.100896983100000E-01   2.645789452000000E-01   6.635253924600000E-01   4.424233938100000E-01
   6.378351209899999E-01   3.491297177500000E-01   9.096032641500000E-01   2.639716941300000E-01   6.677584687900000E-01   4.452690861100000E-01
   6.416993800100000E-01   3.498859769300000E-01   9.091177198100000E-01   2.633644409100000E-01   6.719908561700000E-01   4.481148626400000E-01
   6.455638562600000E-01   3.506460975500000E-01   9.086323047400000E-01   2.627551821500000E-01   6.762224879099999E-01   4.509607138600000E-01
   6.494285498400000E-01   3.514100528900000E-01   9.081475057100000E-01   2.621481959700000E-01   6.804535353300000E-01   4.538066304500000E-01
   6.532934609200000E-01   3.521778163200000E-01   9.076629116300000E-01   2.615540882000000E-01   6.846840279600001E-01   4.566526033100000E-01
   6.571585897200000E-01   3.529493613400000E-01   9.071858992400000E-01   2.609459601000000E-01   6.889140088700000E-01   4.594986235500000E-01
   6.610239365100000E-01   3.537246615000000E-01   9.067086956000000E-01   2.603460724000000E-01   6.931434061700000E-01   4.623446824700000E-01
   6.648895016300000E-01   3.545036904900000E-01   9.062324160500000E-01   2.597605109100000E-01   6.973723187300001E-01   4.651907715900000E-01
   6.687552854500000E-01   3.552864220900000E-01   9.057558977600000E-01   2.591637589600000E-01   7.016003980100000E-01   4.680368826000000E-01
   6.726212884000000E-01   3.560728301900000E-01   9.052805364199999E-01   2.585733618300000E-01   7.058298639600000E-01   4.708830073900000E-01
   6.764875109200000E-01   3.568628888000000E-01   9.048059264700000E-01   2.579837534100000E-01   7.100594633600000E-01   4.737291380100000E-01
   6.803539535399999E-01   3.576565720300000E-01   9.043324618200000E-01   2.573863186800000E-01   7.142883257600000E-01   4.765752667200000E-01
   6.842206167900000E-01   3.584538540800000E-01   9.038602015200000E-01   2.568052681000000E-01   7.185164927000000E-01   4.794213859100000E-01
   6.880875012400000E-01   3.592547093000000E-01   9.033886505900000E-01   2.562229859900000E-01   7.227440558400000E-01   4.822674881700000E-01
   6.919546075200000E-01   3.600591121500000E-01   9.029169237600000E-01   2.556324155300000E-01   7.269709560700000E-01   4.851135662200000E-01
   6.958219362500000E-01   3.608670371700000E-01   9.024494331300000E-01   2.550591739200000E-01   7.311972529500000E-01   4.879596129700000E-01
   6.996894881100000E-01   3.616784590700000E-01   9.019819883300000E-01   2.544764765500000E-01   7.354229542700000E-01   4.908056214600000E-01
   7.035572638000001E-01   3.624933526300000E-01   9.015139550900000E-01   2.538933247500000E-01   7.396479774000000E-01   4.936515848800000E-01
   7.074252640399999E-01   3.633116928000000E-01   9.010457146900001E-01   2.533262829700000E-01   7.438723761300000E-01   4.964974965600000E-01
   7.112934895800000E-01   3.641334546000000E-01   9.005775846400000E-01   2.527468683500000E-01   7.480961775500000E-01   4.993433499800000E-01
   7.121860936900000E-01   3.643235549000000E-01   9.004700656000000E-01   2.526199914900000E-01   7.490706890000000E-01   5.000000062500000E-01

