  -9.999994834600000E-01   1.949863273000000E-01   1.225005803900000E+00   5.923198885099999E-01   7.842127165500000E-04  -5.099686162100000E-01
  -9.991761871700000E-01   1.949085409600000E-01   1.224755597100000E+00   5.920990676200000E-01   7.836051783099999E-04  -5.095398562600000E-01
  -9.979411955200000E-01   1.947927301500000E-01   1.224347243400000E+00   5.917294867400000E-01   9.371085612400000E-04  -5.088967338700000E-01
  -9.960774756700000E-01   1.946153673500000E-01   1.223825693100000E+00   5.913502038200000E-01   5.364036108800000E-04  -5.079262962800000E-01
  -9.940405847100000E-01   1.944241843300000E-01   1.223166046800000E+00   5.907102197500000E-01   7.634575139700000E-04  -5.068658202400000E-01
  -9.917823271400000E-01   1.942110894600000E-01   1.222265021500000E+00   5.902791085200000E-01   1.014419482300000E-04  -5.056902525600000E-01
  -9.892982866200000E-01   1.939764798600000E-01   1.221480583500000E+00   5.895995224500000E-01   2.160173558200000E-04  -5.043973446700000E-01
  -9.865801774500000E-01   1.937209188400000E-01   1.220220104500000E+00   5.888053984800000E-01   3.380528777300000E-04  -5.029828390900000E-01
  -9.835997256200000E-01   1.934425943800000E-01   1.219735473800000E+00   5.876688715700000E-01   6.683847582300000E-04  -5.014320878100000E-01
  -9.790723335700000E-01   1.930202319700000E-01   1.218372247300000E+00   5.868235645100000E-01   2.974634963900000E-05  -4.990770056800000E-01
  -9.741389393500000E-01   1.925571807400000E-01   1.216827049500000E+00   5.852040466400000E-01   6.595207304300000E-05  -4.965114851900000E-01
  -9.687224700500000E-01   1.920518683300000E-01   1.215386315700000E+00   5.838148204400000E-01   1.354642306500000E-04  -4.936956555600000E-01
  -9.627717881700000E-01   1.914990686600000E-01   1.213278716400000E+00   5.824178941400000E-01   3.242430053400000E-04  -4.906031933700000E-01
  -9.545451287600000E-01   1.907377688500000E-01   1.211336190200000E+00   5.802192170200000E-01   4.805634127400000E-04  -4.863298062700000E-01
  -9.463237560300000E-01   1.899812341900000E-01   1.208408653900000E+00   5.775979243500000E-01   7.622046304500000E-04  -4.820613034900000E-01
  -9.381005055000000E-01   1.892270566100000E-01   1.206099904500000E+00   5.758353243200000E-01   5.080049258800000E-05  -4.777939451800000E-01
  -9.298763937400000E-01   1.884739145700000E-01   1.203528876600000E+00   5.735778635900000E-01   1.059233127000000E-04  -4.735282415500000E-01
  -9.216563024100000E-01   1.877257982900000E-01   1.201528404100000E+00   5.715226281700000E-01   1.958183580900000E-04  -4.692667034900000E-01
  -9.134406722300000E-01   1.869821441200000E-01   1.198822860600000E+00   5.689628019500000E-01   4.021235901000000E-04  -4.650095372400000E-01
  -9.052253017300000E-01   1.862418169000000E-01   1.197061769700000E+00   5.672431855900000E-01   5.226733862900000E-04  -4.607545443700000E-01
  -8.970143464400000E-01   1.855067754000000E-01   1.194089591700000E+00   5.648875938500000E-01   8.239832816900000E-04  -4.565038564700000E-01
  -8.887794456400000E-01   1.847733610600000E-01   1.191805466100000E+00   5.625989296500000E-01   2.116987806900000E-05  -4.522427790600000E-01
  -8.805570169100000E-01   1.840389344200000E-01   1.189992357400000E+00   5.603453452100000E-01   2.842429517000000E-05  -4.479901413400000E-01
  -8.723491162900000E-01   1.833128939400000E-01   1.187305786200000E+00   5.588101890900000E-01   1.456469580900000E-04  -4.437469772800000E-01
  -8.641425561700000E-01   1.825908857700000E-01   1.184943154500000E+00   5.565736853100000E-01   2.897658164900000E-04  -4.395064442400000E-01
  -8.559390192800000E-01   1.818738703500000E-01   1.182932610900000E+00   5.543762070400000E-01   5.934647651700000E-04  -4.352693899900000E-01
  -8.477272059500000E-01   1.811606071700000E-01   1.180473562200000E+00   5.521185338500000E-01   1.712053038300000E-05  -4.310299611300000E-01
  -8.395161273500000E-01   1.804469194800000E-01   1.178681916600000E+00   5.503209520500000E-01   2.508713656100000E-05  -4.267927931300000E-01
  -8.313134984700000E-01   1.797391920500000E-01   1.176431456700000E+00   5.481574370600000E-01   6.480558002399999E-05  -4.225618441000000E-01
  -8.231159818300000E-01   1.790361991500000E-01   1.173803609900000E+00   5.463663182000000E-01   1.818410562500000E-04  -4.183353680900000E-01
  -8.149188747000000E-01   1.783374126300000E-01   1.171479630100000E+00   5.442868938600000E-01   3.380200717700000E-04  -4.141109192500000E-01
  -8.067247510300000E-01   1.776431941000000E-01   1.169711402000000E+00   5.423153741300000E-01   5.436532416600000E-04  -4.098898032000000E-01
  -7.985311985200000E-01   1.769517870600000E-01   1.167546958300000E+00   5.403389172200000E-01   3.232674661000000E-04  -4.056707565900000E-01
  -7.903405945100000E-01   1.762657743200000E-01   1.164932463500000E+00   5.383502423099999E-01   5.496075471100000E-04  -4.014549825000000E-01
  -7.821414042000000E-01   1.755830987100000E-01   1.163234398800000E+00   5.360920757500000E-01   2.294021859200000E-05  -3.972365261300000E-01
  -7.739497541800000E-01   1.749029160900000E-01   1.160915298300000E+00   5.340307180800000E-01   5.785963005800000E-05  -3.930236657500000E-01
  -7.657601107499999E-01   1.742279212700000E-01   1.158353680700000E+00   5.321549776500000E-01   1.213501140000000E-04  -3.888135321000000E-01
  -7.575758071299999E-01   1.735580212900000E-01   1.156710615000000E+00   5.305944035800000E-01   3.002095460600000E-04  -3.846078168700000E-01
  -7.493922271500000E-01   1.728919751400000E-01   1.154503650100000E+00   5.280416043000000E-01   2.039561422200000E-04  -3.804041266600000E-01
  -7.412113184100000E-01   1.722311565700000E-01   1.151959571400000E+00   5.266215788000000E-01   4.397660092100000E-04  -3.762034408500000E-01
  -7.330271306800000E-01   1.715751234300000E-01   1.149858396400000E+00   5.247226108100000E-01   1.369824003000000E-05  -3.720026850900000E-01
  -7.248416892400000E-01   1.709202167000000E-01   1.148364671500000E+00   5.228586556900000E-01   1.854869198000000E-05  -3.678028806100000E-01
  -7.166614089300000E-01   1.702709626000000E-01   1.146285538500000E+00   5.209520780500000E-01   5.002756670100000E-05  -3.636072982000000E-01
  -7.084864129400000E-01   1.696268636900000E-01   1.143549960500000E+00   5.186823360500000E-01   1.513315783800000E-04  -3.594159776700000E-01
  -7.003114782800000E-01   1.689874212600000E-01   1.141540755700000E+00   5.167992876900001E-01   2.809539333400000E-04  -3.552262207600000E-01
  -6.921396708500001E-01   1.683531075700000E-01   1.140101606400000E+00   5.151860428600000E-01   4.750830222000000E-04  -3.510395781500000E-01
  -6.839681259400000E-01   1.677224631900000E-01   1.138063468900000E+00   5.130406987100000E-01   1.143356139500000E-04  -3.468545619400000E-01
  -6.757971736100000E-01   1.670964126800000E-01   1.136058876400000E+00   5.110576603400000E-01   2.325196280700000E-04  -3.426713212300000E-01
  -6.676285924599999E-01   1.664752490900000E-01   1.133880763600000E+00   5.096144673100000E-01   3.127831588200000E-04  -3.384907467800000E-01
  -6.594632370900000E-01   1.658605517700000E-01   1.131804638800000E+00   5.078743245500000E-01   6.150293181200000E-04  -3.343132545800000E-01
  -6.512994781200000E-01   1.652508884700000E-01   1.129801812000000E+00   5.060447532700000E-01   2.276215397300000E-05  -3.301379907200000E-01
  -6.431216451400000E-01   1.646400558100000E-01   1.127942013500000E+00   5.039429832100000E-01   5.367535807600000E-06  -3.259569243300000E-01
  -6.349600268400000E-01   1.640378681900000E-01   1.125921457400000E+00   5.024810658700000E-01   3.197231669000000E-05  -3.217855219700000E-01
  -6.267989780300000E-01   1.634406982300000E-01   1.124005097600000E+00   5.005716367400000E-01   9.763370420700000E-05  -3.176157634900000E-01
  -6.186405183100000E-01   1.628490419200000E-01   1.121854444600000E+00   4.988023539800000E-01   2.774603552800000E-04  -3.134486604000000E-01
  -6.104803960900000E-01   1.622627728200000E-01   1.120186954600000E+00   4.966321487500000E-01   1.104274083700000E-05  -3.092820222300000E-01
  -6.023221221500000E-01   1.616796806700000E-01   1.118322029000000E+00   4.952977813500000E-01   2.534402941700000E-05  -3.051176223200000E-01
  -5.941640998500000E-01   1.611021321300000E-01   1.116371838100000E+00   4.934885622700000E-01   6.128725000600000E-05  -3.009546264300000E-01
  -5.860113121800000E-01   1.605303852900000E-01   1.114024937200000E+00   4.914845983200000E-01   1.881402560300000E-04  -2.967955567200000E-01
  -5.778594654600000E-01   1.599636790100000E-01   1.112598858100000E+00   4.899370485900000E-01   1.171924264200000E-04  -2.926382027700000E-01
  -5.697095083600000E-01   1.594026012100000E-01   1.110667190500000E+00   4.879544842600000E-01   2.837399040200000E-04  -2.884830286600000E-01
  -5.615593006900000E-01   1.588472909400000E-01   1.108837446100000E+00   4.862124122900000E-01   1.006969895100000E-05  -2.843289244200000E-01
  -5.534080815200000E-01   1.582953344700000E-01   1.106843769300000E+00   4.846531629500000E-01   1.360854591800000E-05  -2.801754834800000E-01
  -5.452584726000000E-01   1.577492555500000E-01   1.104810331800000E+00   4.829360023700000E-01   3.771866997400000E-05  -2.760240233100000E-01
  -5.371137466000000E-01   1.572090746000000E-01   1.102887708300000E+00   4.814651668400000E-01   1.202968312100000E-04  -2.718761906100000E-01
  -5.289688638100000E-01   1.566744085100000E-01   1.101396386300000E+00   4.795340835500000E-01   2.190353845200000E-04  -2.677293996000000E-01
  -5.208268190799999E-01   1.561456843400000E-01   1.099464254900000E+00   4.777758546000000E-01   3.760094006100000E-04  -2.635851559400000E-01
  -5.126849871900000E-01   1.556221611300000E-01   1.097655484400000E+00   4.759027660200000E-01   3.302074762900000E-05  -2.594421045600000E-01
  -5.045426702900000E-01   1.551035021000000E-01   1.095928061300000E+00   4.746706950200000E-01   7.470063502000000E-05  -2.552998720600000E-01
  -4.964016821100000E-01   1.545909156500000E-01   1.094165423700000E+00   4.726488269000000E-01   1.404951934000000E-04  -2.511593628100000E-01
  -4.882644411100000E-01   1.540844639900000E-01   1.092172237000000E+00   4.712460393200000E-01   2.714876586200000E-04  -2.470217875300000E-01
  -4.801278641900000E-01   1.535833960600000E-01   1.090549034400000E+00   4.693021981700000E-01   9.637921312600000E-05  -2.428855598900000E-01
  -4.719927537700000E-01   1.530883201500000E-01   1.088529223400000E+00   4.680030223200000E-01   2.103612703900000E-04  -2.387510691600000E-01
  -4.638567720900000E-01   1.525990927100000E-01   1.087038674800000E+00   4.663762963300000E-01   1.760493365500000E-05  -2.346171095400000E-01
  -4.557235103600000E-01   1.521153524700000E-01   1.084976180900000E+00   4.648056194700000E-01   6.130469725700000E-05  -2.304854874000000E-01
  -4.475903480200000E-01   1.516377032800000E-01   1.083507477900000E+00   4.631208682400000E-01   1.201728127100000E-04  -2.263548534200000E-01
  -4.394601202500000E-01   1.511667756200000E-01   1.081836632900000E+00   4.613374500600000E-01   2.947646324800000E-04  -2.222266291400000E-01
  -4.313304152800000E-01   1.507020624300000E-01   1.079719013200000E+00   4.597618805000000E-01   1.334767168100000E-05  -2.180995720700000E-01
  -4.231958713600000E-01   1.502417311100000E-01   1.077808940200000E+00   4.581566607000000E-01   4.875816596900000E-06  -2.139709432800000E-01
  -4.150666363700000E-01   1.497880525500000E-01   1.076466358100000E+00   4.568433579700000E-01   8.209971984400000E-06  -2.098458760900000E-01
  -4.069404339800000E-01   1.493408474800000E-01   1.074918985100000E+00   4.549525361000000E-01   3.190581897800000E-05  -2.057231966400000E-01
  -3.988147603000000E-01   1.488999792200000E-01   1.073261908800000E+00   4.533073558800000E-01   8.671627534200000E-05  -2.016016168300000E-01
  -3.906906953200000E-01   1.484655704100000E-01   1.071512166900000E+00   4.518573648100000E-01   1.830457986900000E-04  -1.974816671000000E-01
  -3.825674335300000E-01   1.480374760100000E-01   1.069918115500000E+00   4.501935393400000E-01   2.450947410400000E-04  -1.933629216400000E-01
  -3.744457412900000E-01   1.476159706700000E-01   1.067969798400000E+00   4.490541966800000E-01   3.398842165100000E-04  -1.892457516400000E-01
  -3.663245162400000E-01   1.472005851500000E-01   1.066479111800000E+00   4.474718114100000E-01   2.752518945800000E-05  -1.851295812400000E-01
  -3.582011102100000E-01   1.467912518700000E-01   1.064909209100000E+00   4.459295974000000E-01   5.711829529800000E-05  -1.810130519500000E-01
  -3.500796775100000E-01   1.463887666300000E-01   1.063279959100000E+00   4.442055840900000E-01   1.052988334600000E-04  -1.768982522600000E-01
  -3.419614363700000E-01   1.459931265900000E-01   1.061538444500000E+00   4.424934888900000E-01   1.954184788900000E-04  -1.727857820000000E-01
  -3.338440121500000E-01   1.456039185500000E-01   1.059976563600000E+00   4.414276531800000E-01   1.097405985500000E-04  -1.686744215400000E-01
  -3.257277652500000E-01   1.452216706000000E-01   1.058289579000000E+00   4.397368573700000E-01   2.157624796300000E-04  -1.645643367200000E-01
  -3.176118214800000E-01   1.448462847400000E-01   1.056369052600000E+00   4.379665240000000E-01   6.266226554600000E-06  -1.604550686400000E-01
  -3.094924824100000E-01   1.444767595700000E-01   1.055259154700000E+00   4.368899874400000E-01   6.626057733100000E-06  -1.563447288800000E-01
  -3.013763851000000E-01   1.441144021100000E-01   1.053399722600000E+00   4.354458883000000E-01   1.931214220700000E-05  -1.522366613400000E-01
  -2.932632595600000E-01   1.437591047700000E-01   1.052103942200000E+00   4.339700761800000E-01   6.024506728200000E-05  -1.481307127900000E-01
  -2.851500371900000E-01   1.434107540200000E-01   1.050402114500000E+00   4.324948124600000E-01   1.215367430300000E-04  -1.440253141800000E-01
  -2.770382923900000E-01   1.430694678500000E-01   1.048930064200000E+00   4.309943287700000E-01   1.960989844900000E-04  -1.399212463100000E-01
  -2.689273498800000E-01   1.427349992200000E-01   1.047118902300000E+00   4.295807098000000E-01   1.151190879800000E-04  -1.358181517200000E-01
  -2.608172324100000E-01   1.424078085000000E-01   1.045477901400000E+00   4.280465263500000E-01   1.993695816100000E-04  -1.317160263400000E-01
  -2.527068457400000E-01   1.420877354700000E-01   1.044018527600000E+00   4.265154429700000E-01   5.093601313300000E-06  -1.276143013400000E-01
  -2.445934017600000E-01   1.417742043700000E-01   1.042713690500000E+00   4.250927985000000E-01   7.004525764400000E-06  -1.235115516700000E-01
  -2.364830364400000E-01   1.414681302200000E-01   1.041271397600000E+00   4.237514186800000E-01   1.951948133000000E-05  -1.194108649900000E-01
  -2.283755154600000E-01   1.411694316700000E-01   1.039758957100000E+00   4.223933899300000E-01   5.624327332500000E-05  -1.153121072000000E-01
  -2.202676797700000E-01   1.408780135100000E-01   1.038151127600000E+00   4.208117385800000E-01   1.053553977000000E-04  -1.112136662000000E-01
  -2.121612762200000E-01   1.405939866400000E-01   1.036654677100000E+00   4.195940210000000E-01   1.641806460200000E-04  -1.071164100400000E-01
  -2.040553772700000E-01   1.403171712400000E-01   1.034972202900000E+00   4.179673763900000E-01   5.840461900500000E-05  -1.030198550600000E-01
  -1.959499756200000E-01   1.400478438200000E-01   1.033491427400000E+00   4.167590767800000E-01   1.105554634400000E-04  -9.892398301700001E-02
  -1.878446415400000E-01   1.397859513900000E-01   1.031916173600000E+00   4.152014421200000E-01   6.042469729400000E-06  -9.482856227000000E-02
  -1.797395383400000E-01   1.395314051800000E-01   1.030815219800000E+00   4.136868191500000E-01   1.930978552700000E-05  -9.073366083100000E-02
  -1.716331242000000E-01   1.392843794500000E-01   1.029010420100000E+00   4.123717272500000E-01   4.158504469100000E-05  -8.663848571000000E-02
  -1.635300441200000E-01   1.390450586200000E-01   1.027496633700000E+00   4.112729346400000E-01   9.718645767300000E-05  -8.254536904400001E-02
  -1.554267922500000E-01   1.388133352100000E-01   1.026244154000000E+00   4.099114215000000E-01   3.154945398600000E-06  -7.845252588000000E-02
  -1.473224461800000E-01   1.385890363900000E-01   1.024950581200000E+00   4.085549967400000E-01   6.454973921200000E-06  -7.435947636500000E-02
  -1.392177102400000E-01   1.383724397100000E-01   1.023425194900000E+00   4.070929095100000E-01   1.665538650900000E-05  -7.026656265700000E-02
  -1.311162145400000E-01   1.381636415600000E-01   1.022086180400000E+00   4.056586823000000E-01   4.483047711800000E-05  -6.617560400800000E-02
  -1.230142717200000E-01   1.379625586900000E-01   1.020429169300000E+00   4.044736726500000E-01   6.883030820100000E-05  -6.208472480900000E-02
  -1.149135482100000E-01   1.377693006000000E-01   1.019160275000000E+00   4.031126829300000E-01   1.131023281100000E-04  -5.799475309000000E-02
  -1.068124041300000E-01   1.375838131500000E-01   1.017517139000000E+00   4.018535220200000E-01   2.528506777200000E-06  -5.390484745000000E-02
  -9.870384326600000E-02   1.374058511900000E-01   1.016106407900000E+00   4.002797555600000E-01   1.846786072700000E-06  -4.981146305500000E-02
  -9.060244492500000E-02   1.372359857200000E-01   1.014686902900000E+00   3.988912456100000E-01   1.232935823400000E-05  -4.572194679200000E-02
  -8.250223093000000E-02   1.370740319800000E-01   1.013472996800000E+00   3.978346679400000E-01   3.096929418200000E-05  -4.163326747500000E-02
  -7.440274766200000E-02   1.369200198400000E-01   1.012340046500000E+00   3.964771030000000E-01   6.162710630000000E-05  -3.754518333100000E-02
  -6.630417488900001E-02   1.367739566300000E-01   1.010662856100000E+00   3.951061371600000E-01   1.902999615700000E-06  -3.345777233800000E-02
  -5.945282161500000E-02   1.366565553000000E-01   1.009465568300000E+00   3.940440596500000E-01   8.012310125400000E-07  -2.999999983000000E-02
  -5.135390426600000E-02   1.365251690300000E-01   1.008400101200000E+00   3.927897083500000E-01   1.818024031700000E-06  -2.591277605100000E-02
  -4.325442778100000E-02   1.364017850800000E-01   1.007043105100000E+00   3.916370048900000E-01   5.549417921000000E-06  -2.182544806200000E-02
  -3.515551044500000E-02   1.362864414700000E-01   1.005764961200000E+00   3.903540882800000E-01   1.306211071600000E-05  -1.773856793500000E-02
  -2.705614379500000E-02   1.361791434300000E-01   1.004363137100000E+00   3.891015216700000E-01   1.906047054200000E-05  -1.365161465900000E-02
  -1.895746546300000E-02   1.360799250800000E-01   1.003092976600000E+00   3.878095997000000E-01   1.993542629700000E-05  -9.565150227699999E-03
  -1.085888007600000E-02   1.359887963200000E-01   1.001765740700000E+00   3.865737642700000E-01   1.147719725800000E-05  -5.478862337700000E-03
  -2.760684308400000E-03   1.359057797100000E-01   1.000157890100000E+00   3.851989422500000E-01   4.122299862000000E-06  -1.392888741100000E-03
   5.341916100300000E-03   1.358308500500000E-01   9.991138096000000E-01   3.840101477900000E-01   4.577083557300000E-03   2.695200849600000E-03
   1.345025132700000E-02   1.357640225500000E-01   9.978097300300000E-01   3.828337535300000E-01   1.152243008100000E-02   6.786089354000000E-03
   2.155186223200000E-02   1.357054151700000E-01   9.965224695300000E-01   3.815925777400000E-01   1.845940886800000E-02   1.087350218100000E-02
   2.965039893400000E-02   1.356550021000000E-01   9.950240892100000E-01   3.802675480200000E-01   2.538960759000000E-02   1.495929198000000E-02
   3.775360034100000E-02   1.356127318100000E-01   9.935908034099999E-01   3.788632909500000E-01   3.231358125100000E-02   1.904737485300000E-02
   4.585318402900000E-02   1.355786806200000E-01   9.926486404000000E-01   3.779183949800000E-01   3.923744481600000E-02   2.313358336100000E-02
   5.395189015100000E-02   1.355528280200000E-01   9.911743474300000E-01   3.764369221700000E-01   4.616139244600000E-02   2.721931029000000E-02
   5.946387095300000E-02   1.355399228600000E-01   9.904102264200000E-01   3.758775041500000E-01   5.086953368200000E-02   3.000004090200000E-02
   6.756268085800000E-02   1.355278644200000E-01   9.890854961400000E-01   3.744018599500000E-01   5.777142782900000E-02   3.408578050000000E-02
   7.566162661600000E-02   1.355240470500000E-01   9.877696306700000E-01   3.734588823800000E-01   6.468974063500001E-02   3.817157904000000E-02
   8.375996866300001E-02   1.355284639100000E-01   9.867239949200000E-01   3.722496602500000E-01   7.159134999400001E-02   4.225707399700000E-02
   9.186721044300000E-02   1.355409831800000E-01   9.853789731600000E-01   3.709172250700000E-01   7.850753214000000E-02   4.634707017600000E-02
   9.996961944799999E-02   1.355618021800000E-01   9.842327309400000E-01   3.698918663900000E-01   8.539167278300000E-02   5.043465048300000E-02
   1.080697101500000E-01   1.355908874100000E-01   9.830043643700000E-01   3.687078422600000E-01   9.230557453500000E-02   5.452109329800000E-02
   1.161703938800000E-01   1.356281205500000E-01   9.817209408999999E-01   3.673437580600000E-01   9.918930887600000E-02   5.860787746800000E-02
   1.242737400700000E-01   1.356735881900000E-01   9.805427357800000E-01   3.663504856400000E-01   1.060888388700000E-01   6.269605722900000E-02
   1.323743514500000E-01   1.357272793000000E-01   9.791309022100000E-01   3.651146824400000E-01   1.129657174700000E-01   6.678291927299999E-02
   1.404763059800000E-01   1.357892014200000E-01   9.780528574400000E-01   3.639924503600000E-01   1.198400037000000E-01   7.087053086400000E-02
   1.485779407300000E-01   1.358592724500000E-01   9.768194625700000E-01   3.626702692700000E-01   1.267375152100000E-01   7.495806269300000E-02
   1.566801700600000E-01   1.359375527900000E-01   9.757230741400000E-01   3.616872958000000E-01   1.336079235300000E-01   7.904598574400000E-02
   1.647820898800000E-01   1.360241751600000E-01   9.744998595600000E-01   3.605885237900000E-01   1.404927236700000E-01   8.313385311400000E-02
   1.728853154500000E-01   1.361189341600000E-01   9.732513545600000E-01   3.592844486600000E-01   1.473327533600000E-01   8.722248913800000E-02
   1.809912295500000E-01   1.362216753600000E-01   9.719734492900000E-01   3.580790934400000E-01   1.542429837900000E-01   9.131260103500000E-02
   1.890959590600000E-01   1.363325651500000E-01   9.705750760300000E-01   3.570606235400000E-01   1.610944028300000E-01   9.540224350600000E-02
   1.971997931100000E-01   1.364515886100000E-01   9.696737824300000E-01   3.560500787500000E-01   1.679085709900000E-01   9.949157162900001E-02
   1.982077766000000E-01   1.364669316400000E-01   9.693869169200000E-01   3.558365801700000E-01   1.687867285900000E-01   1.000002268500000E-01

