   6.806308870600000E-05   3.368037320600000E-01   9.999889513100000E-01   3.848864534900000E-01   5.834274288900000E-05   1.139323256100000E+01   3.434591870200000E-05
   6.806308870600000E-05   3.368037320800000E-01   9.999668004300000E-01   3.848865900900000E-01   5.834167790600000E-05   1.139323256100000E+01   3.434591870200000E-05
   8.043150293400000E-05   3.393538810100000E-01   9.999866999900000E-01   3.848827029100000E-01   6.894520924200000E-05   1.122262286800000E+01   4.058840676100000E-05
   9.439935824500001E-05   3.419078138000000E-01   9.999758373600000E-01   3.848846636300000E-01   8.091789869299999E-05   1.105556947600000E+01   4.763863219000000E-05
   1.116154671600000E-04   3.444653865400000E-01   9.999685543300000E-01   3.848602192800000E-01   9.567709266100001E-05   1.089198310400000E+01   5.632885592900000E-05
   1.310282897200000E-04   3.470265846800000E-01   9.999768885400000E-01   3.848767226700000E-01   1.123189508100000E-04   1.073177300100000E+01   6.612878322399999E-05
   1.529449073700000E-04   3.495913308800000E-01   9.999731796600000E-01   3.848757952500000E-01   1.311076129200000E-04   1.057485314200000E+01   7.719377877800001E-05
   1.788642697100000E-04   3.521594871500000E-01   9.999584965200000E-01   3.848587211400000E-01   1.533270931200000E-04   1.042114196700000E+01   9.028083390199999E-05
   2.076340362000000E-04   3.547310490300000E-01   9.999660313700000E-01   3.848614304200000E-01   1.779905011900000E-04   1.027055622900000E+01   1.048090853400000E-04
   2.405215944200000E-04   3.573058911100000E-01   9.999609535400000E-01   3.848613455900000E-01   2.061880160700000E-04   1.012301882000000E+01   1.214190179600000E-04
   2.781881008200000E-04   3.598848100900000E-01   9.999482773500000E-01   3.848572762700000E-01   2.384842654600000E-04   9.978404508900001E+00   1.404454454900000E-04
   3.684325177000000E-04   3.650547041100000E-01   9.999151175900000E-01   3.848281227500000E-01   3.158613766300000E-04   9.697657259400000E+00   1.860437041700000E-04
   4.827025036800000E-04   3.702362314200000E-01   9.999009858000000E-01   3.848219938900000E-01   4.138460872400000E-04   9.427967000300001E+00   2.438078456200000E-04
   6.258040836000000E-04   3.754286254700000E-01   9.998933356700000E-01   3.847970721600000E-01   5.365776788700000E-04   9.168801342600000E+00   3.161880814200000E-04
   8.032944419300001E-04   3.806310493100000E-01   9.998672246000000E-01   3.847537711800000E-01   6.888264206700000E-04   8.919660189800000E+00   4.060261165500000E-04
   1.021522029100000E-03   3.858425753600000E-01   9.998340148800000E-01   3.847380454600000E-01   8.760420907300000E-04   8.680074191999999E+00   5.165804939500000E-04
   1.287380971400000E-03   3.910621835500000E-01   9.997905170200000E-01   3.846963148600000E-01   1.104196382400000E-03   8.449602756499999E+00   6.514091487900000E-04
   1.608670241400000E-03   3.962887125000000E-01   9.997319577500000E-01   3.846290124100000E-01   1.379994393200000E-03   8.227833493000000E+00   8.145593996800000E-04
   1.993906978700000E-03   4.015208432800000E-01   9.996672403500000E-01   3.845835290100000E-01   1.710791913200000E-03   8.014380763800000E+00   1.010484443000000E-03
   2.452347208300000E-03   4.067570644600000E-01   9.995995575800000E-01   3.845204540500000E-01   2.104618579500000E-03   7.808884797500000E+00   1.244067166200000E-03
   2.994029448900000E-03   4.119956281000000E-01   9.995058468700000E-01   3.844381865100000E-01   2.570181778900000E-03   7.611011054500000E+00   1.520658459900000E-03
   3.629759173400000E-03   4.172345032500000E-01   9.994031293100000E-01   3.843411287200000E-01   3.116891145400000E-03   7.420449643100000E+00   1.846088758200000E-03
   4.371050592200000E-03   4.224713270200000E-01   9.992820217800000E-01   3.842275156700000E-01   3.754812219700000E-03   7.236914762200000E+00   2.226661160500000E-03
   5.230074753900000E-03   4.277033485400000E-01   9.991464165600000E-01   3.840927175000000E-01   4.494606773800000E-03   7.060144289700000E+00   2.669150843200000E-03
   6.219572244500000E-03   4.329273709500000E-01   9.989817118900000E-01   3.839437550600000E-01   5.347515455500000E-03   6.889899363100000E+00   3.180789252600000E-03
   7.352755365800000E-03   4.381396898200000E-01   9.987994376100000E-01   3.837615379200000E-01   6.325218236800000E-03   6.725963992500000E+00   3.769244986500000E-03
   8.643212242600000E-03   4.433360252100000E-01   9.985700767900000E-01   3.835707745700000E-01   7.439985930900000E-03   6.568144792500000E+00   4.442606640300000E-03
   1.010466475500000E-02   4.485114760100000E-01   9.983491206200000E-01   3.833482028300000E-01   8.704018887600000E-03   6.416270108900000E+00   5.209290410600000E-03
   1.175077239600000E-02   4.536604716200000E-01   9.980787774900000E-01   3.830964495900000E-01   1.012977619900000E-02   6.270189244400000E+00   6.077967923300000E-03
   1.359486294500000E-02   4.587767452800000E-01   9.977637789900000E-01   3.828161095900000E-01   1.172940140300000E-02   6.129771225300000E+00   7.057450778100000E-03
   1.564961705000000E-02   4.638533328300000E-01   9.974201351400001E-01   3.824985397400000E-01   1.351506468800000E-02   5.994903109900000E+00   8.156542137100001E-03
   1.792668841900000E-02   4.688826134000000E-01   9.970525417700000E-01   3.821407394800000E-01   1.549749191400000E-02   5.865487566000000E+00   9.383842203300000E-03
   2.043632406100000E-02   4.738563876800000E-01   9.966386687800000E-01   3.817664796900000E-01   1.768681440800000E-02   5.741439959000000E+00   1.074753702800000E-02
   2.318694778300000E-02   4.787660155200000E-01   9.961873882900000E-01   3.813600041200000E-01   2.009164372100000E-02   5.622684583600000E+00   1.225514886100000E-02
   2.618478217600000E-02   4.836026029200000E-01   9.956735146000000E-01   3.809069113600000E-01   2.271898145600000E-02   5.509150411100000E+00   1.391328521300000E-02
   2.943351081300000E-02   4.883572438900000E-01   9.951468265400000E-01   3.804171192000000E-01   2.557317816800000E-02   5.400766324900000E+00   1.572738813400000E-02
   3.293402338300000E-02   4.930213065400000E-01   9.945580558500000E-01   3.798861542200000E-01   2.865638030900000E-02   5.297456145600000E+00   1.770150894400000E-02
   3.668430379200000E-02   4.975867322100000E-01   9.939301345500000E-01   3.793177714200000E-01   3.196880140100000E-02   5.199134086100000E+00   1.983814527400000E-02
   4.067943219400000E-02   5.020463437300000E-01   9.932642787600000E-01   3.787253240900000E-01   3.550751102800000E-02   5.105700617600000E+00   2.213813356500000E-02
   4.491176393500000E-02   5.063941114400000E-01   9.925548869900001E-01   3.780860285700000E-01   3.926752630000000E-02   5.017039637600000E+00   2.460063865500000E-02
   4.937122770100000E-02   5.106253657399999E-01   9.917969417200000E-01   3.774273290400000E-01   4.324132540900000E-02   4.933016913900000E+00   2.722321922000000E-02
   5.404227507900000E-02   5.147339993200000E-01   9.910201601800001E-01   3.767222007700000E-01   4.741644167100000E-02   4.853536024300000E+00   2.999990425800000E-02
   5.437734510800000E-02   5.150174138200000E-01   9.909676528200000E-01   3.766718019700000E-01   4.771644687800000E-02   4.848129414400000E+00   3.020022466900000E-02
   5.926675387500000E-02   5.189992862600000E-01   9.901407716500000E-01   3.759518881900000E-01   5.210110179200000E-02   4.773200620300000E+00   3.314027339600000E-02
   6.434196357300000E-02   5.228598363300000E-01   9.892896874000000E-01   3.751972886000000E-01   5.666672911400000E-02   4.702390409100000E+00   3.622475724900000E-02
   6.958781519100000E-02   5.266004920000000E-01   9.884069852100000E-01   3.744308703400000E-01   6.140086590600000E-02   4.635502721500000E+00   3.944675302600000E-02
   7.498909128400000E-02   5.302239363200000E-01   9.874940669000000E-01   3.736403213400000E-01   6.629103130300000E-02   4.572334158400000E+00   4.279887144100000E-02
   8.053088700699999E-02   5.337339101600000E-01   9.865663417000000E-01   3.728289461700000E-01   7.132394365700000E-02   4.512677831700000E+00   4.627349176200000E-02
   8.619889025300000E-02   5.371350077500000E-01   9.856079817000000E-01   3.720070335300000E-01   7.648745768600000E-02   4.456326849100000E+00   4.986295781400000E-02
   9.197958482000000E-02   5.404324724100000E-01   9.846284882200000E-01   3.711661721400000E-01   8.176980323300000E-02   4.403077395300000E+00   5.355973729300000E-02
   9.786038066199999E-02   5.436320064900000E-01   9.836454793300000E-01   3.703053230000000E-01   8.716030026500000E-02   4.352731258700000E+00   5.735654270300000E-02
   1.038296850200000E-01   5.467396006000000E-01   9.826462919100000E-01   3.694467034000000E-01   9.264745259300000E-02   4.305097812200000E+00   6.124641806200000E-02
   1.098769208100000E-01   5.497613913700000E-01   9.816354785100000E-01   3.685757852600000E-01   9.822384046099999E-02   4.259995381500000E+00   6.522279354500000E-02
   1.159925109500000E-01   5.527035430600000E-01   9.806141309800001E-01   3.676856479400000E-01   1.038793570000000E-01   4.217252150200000E+00   6.927951649200000E-02
   1.221678378300000E-01   5.555721530300000E-01   9.795796398200000E-01   3.668023906600000E-01   1.096054271000000E-01   4.176706657700000E+00   7.341086336500000E-02
   1.283951851200000E-01   5.583731803000000E-01   9.785397250200000E-01   3.659167209700000E-01   1.153969269800000E-01   4.138207944100000E+00   7.761153689600001E-02
   1.346676694000000E-01   5.611123940600000E-01   9.775018775300000E-01   3.650321734900000E-01   1.212455372800000E-01   4.101615424900000E+00   8.187665293300000E-02
   1.409791700100000E-01   5.637953358600000E-01   9.764612493600000E-01   3.641364585700000E-01   1.271458896500000E-01   4.066798611000000E+00   8.620172136199999E-02
   1.473242576500000E-01   5.664272955800000E-01   9.754126941700000E-01   3.632390405600000E-01   1.330925042800000E-01   4.033636682800000E+00   9.058262254200000E-02
   1.536981238000000E-01   5.690132991500000E-01   9.743618831000000E-01   3.623319285000000E-01   1.390823650900000E-01   4.002017957900000E+00   9.501558123999999E-02
   1.600965189300000E-01   5.715581025499999E-01   9.733014087800000E-01   3.614422171800000E-01   1.451094923300000E-01   3.971839338300000E+00   9.949714230100000E-02
   1.665333743700000E-01   5.740730461400000E-01   9.722445216300000E-01   3.605311212200000E-01   1.511872122700000E-01   3.942928166100000E+00   1.040366574700000E-01
   2.314436079100000E-01   5.979952387300000E-01   9.618352718800000E-01   3.516315363100000E-01   2.132068064300000E-01   3.711883049700000E+00   1.513815377600000E-01
   2.963528999600000E-01   6.215112270900000E-01   9.518438382200000E-01   3.430463101200000E-01   2.763416897100000E-01   3.551494937600000E+00   2.011419500500000E-01
   3.028186909600000E-01   6.239096951200001E-01   9.508648333400000E-01   3.422108937100000E-01   2.826827217700000E-01   3.538066035200000E+00   2.062116110800000E-01
   3.092739404900000E-01   6.263196015300000E-01   9.499089071400000E-01   3.413837870400000E-01   2.890209150000000E-01   3.525033946900000E+00   2.112917556700000E-01
   3.157236330700000E-01   6.287437724300000E-01   9.489509540800000E-01   3.405534469900000E-01   2.953614004000000E-01   3.512370448100000E+00   2.163858657400000E-01
   3.221676198200000E-01   6.311830603600000E-01   9.479877908900000E-01   3.397326606300000E-01   3.017037944100000E-01   3.500059233100000E+00   2.214934168100000E-01
   3.286057762800000E-01   6.336382564700000E-01   9.470492208600000E-01   3.389142278900000E-01   3.080500109400000E-01   3.488084967900000E+00   2.266139142100000E-01
   3.350379994800000E-01   6.361100946600000E-01   9.461078253600000E-01   3.380912135100000E-01   3.143962220500000E-01   3.476433214800000E+00   2.317468909900000E-01
   3.414642060400000E-01   6.385992546000000E-01   9.451720634600000E-01   3.372847395100000E-01   3.207444053000000E-01   3.465090372300000E+00   2.368919057900000E-01
   3.478843297200000E-01   6.411063653800000E-01   9.442324030600000E-01   3.364797124300000E-01   3.270953642600000E-01   3.454043611200000E+00   2.420485410900000E-01
   3.542983197000000E-01   6.436320082900000E-01   9.433114654600000E-01   3.356719033300000E-01   3.334458540400000E-01   3.443280822600000E+00   2.472164015000000E-01
   3.607061390500000E-01   6.461767195900000E-01   9.423953410300000E-01   3.348786370500000E-01   3.397967912800000E-01   3.432790568400000E+00   2.523951121900000E-01
   3.671077629000000E-01   6.487409934000000E-01   9.414791683800000E-01   3.340762190400000E-01   3.461473889200000E-01   3.422562032200000E+00   2.575843174900000E-01
   3.735031774300000E-01   6.513252838400000E-01   9.405654870700000E-01   3.332895476300000E-01   3.524989419500000E-01   3.412584980500000E+00   2.627836796300000E-01
   3.798923785900000E-01   6.539300074700000E-01   9.396656895300000E-01   3.325060093300000E-01   3.588528597800000E-01   3.402849722600000E+00   2.679928774700000E-01
   3.862753709600000E-01   6.565555454300001E-01   9.387707216200000E-01   3.317137344300000E-01   3.652051110400000E-01   3.393347074400000E+00   2.732116054800000E-01
   3.926521667800000E-01   6.592022454899999E-01   9.378773743200000E-01   3.309427175800000E-01   3.715570941700000E-01   3.384068324900000E+00   2.784395727000000E-01
   3.990227852100000E-01   6.618704238599999E-01   9.369823291600000E-01   3.301685094500000E-01   3.779076359200000E-01   3.375005207400000E+00   2.836765018100000E-01
   4.053872513800000E-01   6.645603670300000E-01   9.361088949700000E-01   3.293968975400000E-01   3.842589322600000E-01   3.366149869200000E+00   2.889221283000000E-01
   4.117455959400000E-01   6.672723333100000E-01   9.352320083000000E-01   3.286318030000000E-01   3.906106720000000E-01   3.357494848000000E+00   2.941761996300000E-01
   4.180978540900000E-01   6.700065546600000E-01   9.343541732900000E-01   3.278673772300000E-01   3.969608810100000E-01   3.349033044800000E+00   2.994384745700000E-01
   4.244440654200000E-01   6.727632377700000E-01   9.334905266800000E-01   3.271020458200000E-01   4.033097410400000E-01   3.340757704700000E+00   3.047087224300000E-01
   4.307842730200000E-01   6.755425658400001E-01   9.326325994600000E-01   3.263537814800000E-01   4.096574251600000E-01   3.332662393600000E+00   3.099867225300000E-01
   4.371185233300000E-01   6.783446996100000E-01   9.317798513000000E-01   3.256034515100000E-01   4.160046232100000E-01   3.324740980700000E+00   3.152722635400000E-01
   4.434468655100000E-01   6.811697787300000E-01   9.309276866800000E-01   3.248490710800000E-01   4.223516674400000E-01   3.316987619600000E+00   3.205651429800000E-01
   4.497693512700000E-01   6.840179228200000E-01   9.300825191900000E-01   3.241149126600000E-01   4.286986819000000E-01   3.309396732600000E+00   3.258651667000000E-01
   4.560860342400000E-01   6.868892327800000E-01   9.292415521700000E-01   3.233753686700000E-01   4.350430122500000E-01   3.301962993600000E+00   3.311721484700000E-01
   4.623969699500000E-01   6.897837915700000E-01   9.284105030799999E-01   3.226353370700000E-01   4.413860507300000E-01   3.294681315400000E+00   3.364859094500000E-01
   4.687022155300000E-01   6.927016653100000E-01   9.275798657200000E-01   3.219037876600000E-01   4.477283984300000E-01   3.287546836200000E+00   3.418062778500000E-01
   4.750018292900000E-01   6.956429042300000E-01   9.267514682900000E-01   3.211798594100000E-01   4.540690415300000E-01   3.280554905900000E+00   3.471330885300000E-01
   4.812958705900000E-01   6.986075435700000E-01   9.259311312500000E-01   3.204555204100000E-01   4.604074671200000E-01   3.273701074800000E+00   3.524661826700000E-01
   4.875843998200000E-01   7.015956042400000E-01   9.251227684900000E-01   3.197257680900000E-01   4.667450933400000E-01   3.266981084400000E+00   3.578054073800000E-01
   4.938674778000000E-01   7.046070939200000E-01   9.243055474500000E-01   3.190178537500000E-01   4.730813715100000E-01   3.260390853700000E+00   3.631506155100000E-01
   5.001451660800000E-01   7.076420074899999E-01   9.235032003500000E-01   3.183050289000000E-01   4.794167896800000E-01   3.253926473500000E+00   3.685016652100000E-01
   5.064175265200000E-01   7.107003279500000E-01   9.227079929899999E-01   3.175902835300000E-01   4.857503734300000E-01   3.247584194800000E+00   3.738584197700000E-01
   5.126846212400000E-01   7.137820269900000E-01   9.219137668800000E-01   3.168818008100000E-01   4.920818287300000E-01   3.241360421500000E+00   3.792207473100000E-01
   5.189465124700000E-01   7.168870657200000E-01   9.211236802300000E-01   3.161813780900000E-01   4.984118730000000E-01   3.235251702500000E+00   3.845885206000000E-01
   5.252032624600000E-01   7.200153952300000E-01   9.203370665000000E-01   3.154872995300000E-01   5.047405226900000E-01   3.229254723700000E+00   3.899616167700000E-01
   5.314549334400001E-01   7.231669571300000E-01   9.195498263200000E-01   3.147942659100000E-01   5.110692277200000E-01   3.223366302000000E+00   3.953399171500000E-01
   5.377015874600000E-01   7.263416841900000E-01   9.187806467000000E-01   3.140987778000000E-01   5.173947502300000E-01   3.217583378400000E+00   4.007233070400000E-01
   5.439432863700000E-01   7.295395007700000E-01   9.180088098000000E-01   3.134102910400000E-01   5.237183505600000E-01   3.211903011800000E+00   4.061116755200000E-01
   5.501800916600000E-01   7.327603234500000E-01   9.172375170200000E-01   3.127300800100000E-01   5.300398227699999E-01   3.206322372800000E+00   4.115049153400000E-01
   5.564120645700000E-01   7.360040613200000E-01   9.164814786100000E-01   3.120469427400000E-01   5.363589327700000E-01   3.200838739700000E+00   4.169029226600000E-01
   5.626392658100000E-01   7.392706166500000E-01   9.157232943800000E-01   3.113669192200000E-01   5.426768984900000E-01   3.195449491400000E+00   4.223055969800000E-01
   5.688617557200000E-01   7.425598851300000E-01   9.149648656100000E-01   3.106867574100000E-01   5.489946687200000E-01   3.190152104400000E+00   4.277128409400000E-01
   5.750795941600000E-01   7.458717563700000E-01   9.142199974900000E-01   3.100235113600000E-01   5.553109211800000E-01   3.184944147700000E+00   4.331245601900000E-01
   5.812928403800000E-01   7.492061143199999E-01   9.134777171100000E-01   3.093587578300000E-01   5.616248521900000E-01   3.179823277700000E+00   4.385406632700000E-01
   5.875015531100000E-01   7.525628375700000E-01   9.127343480600000E-01   3.086895008600000E-01   5.679363956700000E-01   3.174787235000000E+00   4.439610615200000E-01
   5.937057905100001E-01   7.559417997100000E-01   9.119964684600000E-01   3.080250389600000E-01   5.742461154200000E-01   3.169833840900000E+00   4.493856688700000E-01
   5.999056100900000E-01   7.593428697500000E-01   9.112711088700000E-01   3.073714635100000E-01   5.805537909700000E-01   3.164960993000000E+00   4.548144018100000E-01
   6.061010687800000E-01   7.627659123200000E-01   9.105403273100000E-01   3.067217549200000E-01   5.868586752400000E-01   3.160166662000000E+00   4.602471792700000E-01
   6.122922227399999E-01   7.662107881300000E-01   9.098208625600001E-01   3.060691493000000E-01   5.931642743400000E-01   3.155448888400000E+00   4.656839225200000E-01
   6.184791275900000E-01   7.696773540800000E-01   9.091042131700000E-01   3.054135325200000E-01   5.994669423200000E-01   3.150805780100000E+00   4.711245550400000E-01
   6.246618381700000E-01   7.731654637199999E-01   9.083865595100000E-01   3.047772531800000E-01   6.057675618700000E-01   3.146235508400000E+00   4.765690025100000E-01
   6.308404086600000E-01   7.766749673600000E-01   9.076740385400000E-01   3.041351997600000E-01   6.120665470600000E-01   3.141736306300000E+00   4.820171926200000E-01
   6.370148925900000E-01   7.802057124200000E-01   9.069701812299999E-01   3.034886583200000E-01   6.183633228300000E-01   3.137306465400000E+00   4.874690550700000E-01
   6.431853427300001E-01   7.837575436300001E-01   9.062720968800000E-01   3.028612040900000E-01   6.246571165100000E-01   3.132944333400000E+00   4.929245214800000E-01
   6.493518111300000E-01   7.873303033000000E-01   9.055749258200000E-01   3.022322122600000E-01   6.309495336199999E-01   3.128648311700000E+00   4.983835252800000E-01
   6.511758640899999E-01   7.883915598500000E-01   9.053660726600000E-01   3.020423882800000E-01   6.328133713800000E-01   3.127389462100000E+00   4.999996468000000E-01

