  -5.000000006799999E-01   1.355399228600000E-01   9.904102264200000E-01   3.758775041500000E-01   5.086953368200000E-02   5.946387095300000E-02
  -5.009486182400000E-01   1.355425697300000E-01   9.904079937200000E-01   3.758786049700000E-01   5.087433157700000E-02   5.946634011600000E-02
  -5.023715635800000E-01   1.355465524400000E-01   9.903506586100000E-01   3.756432741300000E-01   5.087092539500000E-02   5.947003590700000E-02
  -5.045065211100001E-01   1.355525666000000E-01   9.903006702800000E-01   3.758652553100000E-01   5.089073570900000E-02   5.947556364400000E-02
  -5.077050336300000E-01   1.355616190700000E-01   9.905184151899999E-01   3.758739917500000E-01   5.090661365700000E-02   5.948380556700000E-02
  -5.112572293400000E-01   1.355716780800000E-01   9.903611818100000E-01   3.757315952400000E-01   5.092624837000000E-02   5.949290305900000E-02
  -5.151392122100000E-01   1.355827985700000E-01   9.904207776100000E-01   3.758911065300000E-01   5.093418857100000E-02   5.950277708200000E-02
  -5.194010337800000E-01   1.355951161300000E-01   9.904680815300000E-01   3.758795955400000E-01   5.096120802600000E-02   5.951353563600000E-02
  -5.257954996100000E-01   1.356137940800000E-01   9.902199969200000E-01   3.758604595600000E-01   5.098208804800000E-02   5.952951724200000E-02
  -5.352859039400000E-01   1.356419696100000E-01   9.904959853999999E-01   3.759082821800000E-01   5.103984806100000E-02   5.955287830000000E-02
  -5.447739713899999E-01   1.356706674700000E-01   9.902133744000000E-01   3.757417612700000E-01   5.108842848400000E-02   5.957580227000000E-02
  -5.542620970000000E-01   1.356999090100000E-01   9.905155073000000E-01   3.759335288300000E-01   5.113603002300000E-02   5.959829095400000E-02
  -5.637497899500000E-01   1.357297232200000E-01   9.904260105900000E-01   3.758517835700000E-01   5.118751708200000E-02   5.962033972900000E-02
  -5.732408897400000E-01   1.357600385600000E-01   9.902937523200001E-01   3.759045074500000E-01   5.123323442000000E-02   5.964195359800000E-02
  -5.827302789200000E-01   1.357909170800000E-01   9.904068913500000E-01   3.759454123200000E-01   5.127573096700000E-02   5.966311591600000E-02
  -5.922195893300000E-01   1.358223471100000E-01   9.904860160700000E-01   3.758158647100000E-01   5.131803576300000E-02   5.968382641600000E-02
  -6.000000245200000E-01   1.358485295100000E-01   9.903863911900000E-01   3.757195256400000E-01   5.135869941600000E-02   5.970046820200000E-02
  -6.094891394600001E-01   1.358809817300000E-01   9.904975633999999E-01   3.758976618200000E-01   5.141212567700000E-02   5.972034746100000E-02
  -6.189790239800000E-01   1.359139942700000E-01   9.905244569000000E-01   3.760157130300000E-01   5.145352971600000E-02   5.973976618300000E-02
  -6.284768452300000E-01   1.359475642200000E-01   9.904157291300000E-01   3.760211892400000E-01   5.150147862300000E-02   5.975873402800000E-02
  -6.379697132300000E-01   1.359816845400000E-01   9.904567665800000E-01   3.759114935800000E-01   5.153862431700000E-02   5.977722099900000E-02
  -6.474604272200000E-01   1.360163658000000E-01   9.905279502300000E-01   3.757747477300000E-01   5.158716850700000E-02   5.979522898400000E-02
  -6.569519399000000E-01   1.360516206700000E-01   9.905244676500000E-01   3.759442606100000E-01   5.163967389500000E-02   5.981275981400000E-02
  -6.664432975300000E-01   1.360874500700000E-01   9.904585640000000E-01   3.760013814800000E-01   5.167961475800000E-02   5.982980766100000E-02
  -6.759346409400000E-01   1.361238529300000E-01   9.905047693200000E-01   3.758753254600000E-01   5.172799035200000E-02   5.984636860800000E-02
  -6.854258542500000E-01   1.361608363300000E-01   9.903586110800000E-01   3.760945028400000E-01   5.176221469100000E-02   5.986243852700000E-02
  -6.949181572399999E-01   1.361983988700000E-01   9.905010446200000E-01   3.760694986800000E-01   5.181758275200000E-02   5.987801550000000E-02
  -7.044141822200000E-01   1.362365460000000E-01   9.904602459000000E-01   3.759364587500000E-01   5.186048677900000E-02   5.989309854700000E-02
  -7.139103724800000E-01   1.362752892700000E-01   9.902922075600000E-01   3.760798461100000E-01   5.190212303100000E-02   5.990767841300000E-02
  -7.234032747600000E-01   1.363146128000000E-01   9.904001477300000E-01   3.761467467100000E-01   5.193104157600000E-02   5.992174553900000E-02
  -7.328963626000000E-01   1.363545239100000E-01   9.903530216300001E-01   3.760961870200000E-01   5.199231221300000E-02   5.993530141800000E-02
  -7.423896880300001E-01   1.363950394600000E-01   9.904763639100000E-01   3.760757369000000E-01   5.203568701300000E-02   5.994834169800000E-02
  -7.518821519000000E-01   1.364361588700000E-01   9.902763210800000E-01   3.761819307500000E-01   5.207846175100000E-02   5.996086114500000E-02
  -7.613834654500000E-01   1.364778949200000E-01   9.905534285299999E-01   3.761998086500000E-01   5.211279267000000E-02   5.997286734100000E-02
  -7.708817397800000E-01   1.365202283100000E-01   9.905275007400000E-01   3.760848412500000E-01   5.214955408700000E-02   5.998434086200000E-02
  -7.803764714600000E-01   1.365631592300000E-01   9.902887230200000E-01   3.762253749200000E-01   5.220076498000000E-02   5.999527741600000E-02
  -7.898724844500000E-01   1.366067130100000E-01   9.902085658000001E-01   3.761319321700000E-01   5.224623290000000E-02   6.000567848000000E-02
  -7.993675980500000E-01   1.366508823300000E-01   9.905399907500000E-01   3.762441343200000E-01   5.227133357400000E-02   6.001553766600000E-02
  -8.088629999400000E-01   1.366956693100000E-01   9.904870392200000E-01   3.762604193900000E-01   5.232138425500000E-02   6.002485211900000E-02
  -8.183584015000001E-01   1.367410881300000E-01   9.903343169200000E-01   3.761356000100000E-01   5.237158720400000E-02   6.003361697000000E-02
  -8.278570336200000E-01   1.367871592400000E-01   9.904510988800000E-01   3.761378314000000E-01   5.239540932100000E-02   6.004183109000000E-02
  -8.373629498200000E-01   1.368338715400000E-01   9.903637905800000E-01   3.761053521000000E-01   5.245084983800000E-02   6.004949271800000E-02
  -8.468617004900000E-01   1.368811955700000E-01   9.904689261400000E-01   3.762369360400000E-01   5.249190034700000E-02   6.005658599100000E-02
  -8.563586021900000E-01   1.369291559400000E-01   9.905612262400000E-01   3.763300197300000E-01   5.251492420600000E-02   6.006311137500000E-02
  -8.658556908800000E-01   1.369777636000000E-01   9.905221657600000E-01   3.763199528700000E-01   5.256897038000000E-02   6.006906666600000E-02
  -8.753525987200000E-01   1.370270264300000E-01   9.902915423300001E-01   3.762568062600000E-01   5.261262450800000E-02   6.007444656000000E-02
  -8.848478746300000E-01   1.370769435800000E-01   9.905979573100000E-01   3.763623867100000E-01   5.265069420000000E-02   6.007924717000000E-02
  -8.943630504400000E-01   1.371275966600000E-01   9.904517937100000E-01   3.763352555500000E-01   5.268698409600000E-02   6.008347286700000E-02
  -9.038634608000000E-01   1.371788428000000E-01   9.904189307500000E-01   3.762849868300000E-01   5.271226617600000E-02   6.008710363500000E-02
  -9.133628999000000E-01   1.372307551300000E-01   9.906089095600000E-01   3.763756608800000E-01   5.275947155600000E-02   6.009014220200000E-02
  -9.228633993399999E-01   1.372833494000000E-01   9.906167001300000E-01   3.763836643800000E-01   5.279528995900000E-02   6.009258504500000E-02
  -9.323617063900000E-01   1.373366113200000E-01   9.904090099700000E-01   3.764353714500000E-01   5.283552632500000E-02   6.009442668800000E-02
  -9.418621321600000E-01   1.373905708800000E-01   9.906233610200000E-01   3.763799837500000E-01   5.287963263400000E-02   6.009566453300000E-02
  -9.513639260400000E-01   1.374452141000000E-01   9.904438287700000E-01   3.764462682700000E-01   5.291588936900000E-02   6.009629325100000E-02
  -9.608666977800000E-01   1.375005655900000E-01   9.902925960500000E-01   3.763524511300000E-01   5.293627526300000E-02   6.009630895300000E-02
  -9.703686464700000E-01   1.375566043600000E-01   9.904763718800000E-01   3.764607675500000E-01   5.298752186700000E-02   6.009570678900000E-02
  -9.798700972400000E-01   1.376133522200000E-01   9.905394131800001E-01   3.763766948900000E-01   5.301093593100000E-02   6.009448347000000E-02
  -9.893716668400000E-01   1.376708047000000E-01   9.905403280600000E-01   3.763587804300000E-01   5.305661346300000E-02   6.009263389800000E-02
  -9.988741558599999E-01   1.377289745600000E-01   9.905734065500000E-01   3.764887366800000E-01   5.309629012800000E-02   6.009015421800000E-02
  -1.008374578600000E+00   1.377878555500000E-01   9.903793586200000E-01   3.765303569600000E-01   5.312124602800000E-02   6.008704094300000E-02
  -1.017875383000000E+00   1.378474661900000E-01   9.906638990700000E-01   3.765082724100000E-01   5.316729193500000E-02   6.008328939700000E-02
  -1.027376222400000E+00   1.379078077400000E-01   9.906712486600000E-01   3.764082934100000E-01   5.319907182400000E-02   6.007889511300000E-02
  -1.036877943200000E+00   1.379688978700000E-01   9.904720369200000E-01   3.765170312400000E-01   5.321978741800000E-02   6.007385421700000E-02
  -1.046387891900000E+00   1.380307797800000E-01   9.903763079900000E-01   3.765956242400000E-01   5.325353623200000E-02   6.006815686300000E-02
  -1.055898673700000E+00   1.380934138800000E-01   9.903546898000000E-01   3.766233493200000E-01   5.330240747500000E-02   6.006180297000000E-02
  -1.065402019400000E+00   1.381567586100000E-01   9.904888804700001E-01   3.765754389500000E-01   5.332221780700000E-02   6.005479408600000E-02
  -1.074904389200000E+00   1.382208629600000E-01   9.907115268600000E-01   3.766134136400000E-01   5.336585172600000E-02   6.004712280900000E-02
  -1.084404822200000E+00   1.382857251500000E-01   9.905286221000000E-01   3.764934652300000E-01   5.339281660100000E-02   6.003878552300000E-02
  -1.093907146700000E+00   1.383513760000000E-01   9.903926231600000E-01   3.764569715300000E-01   5.343199811300000E-02   6.002977563600000E-02
  -1.103409103600000E+00   1.384178093500000E-01   9.907073095500000E-01   3.766432618000000E-01   5.345709429100000E-02   6.002009003100000E-02
  -1.112919241000000E+00   1.384850817800000E-01   9.904803091500000E-01   3.766746050500000E-01   5.349380059500000E-02   6.000971551300000E-02
  -1.122424572900000E+00   1.385531204500000E-01   9.907100187400000E-01   3.766559608100000E-01   5.351854272600000E-02   5.999866178000000E-02
  -1.131927326500000E+00   1.386219481300000E-01   9.907000232299999E-01   3.767273796100000E-01   5.355367592100000E-02   5.998692319600000E-02
  -1.141427677600000E+00   1.386915719100000E-01   9.903855171800000E-01   3.766786569500000E-01   5.357485690500000E-02   5.997449563700000E-02
  -1.150930191700000E+00   1.387620311700000E-01   9.906891211000000E-01   3.766858779500000E-01   5.360706208200000E-02   5.996137026200000E-02
  -1.160431973400000E+00   1.388333122800000E-01   9.907801976500000E-01   3.767242250200000E-01   5.363681320200000E-02   5.994754504700000E-02
  -1.169942172700000E+00   1.389054842400000E-01   9.906050556200000E-01   3.768136501300000E-01   5.367033501600000E-02   5.993300310900000E-02
  -1.179447790900000E+00   1.389784676200000E-01   9.907305005200000E-01   3.767618334800000E-01   5.369265791600000E-02   5.991775966500000E-02
  -1.188949674900000E+00   1.390522761200000E-01   9.906951005700000E-01   3.768283113700000E-01   5.372783412000000E-02   5.990181048100000E-02
  -1.198449484700000E+00   1.391269281300000E-01   9.905461510800000E-01   3.767978856500000E-01   5.375077959800000E-02   5.988514914600000E-02
  -1.207954409200000E+00   1.392024904400000E-01   9.908156476000000E-01   3.768473005800000E-01   5.376734666300000E-02   5.986775974800000E-02
  -1.217458325100000E+00   1.392789199600000E-01   9.908085643500000E-01   3.767545878200000E-01   5.379817531000000E-02   5.984964768700000E-02
  -1.226968128300000E+00   1.393562775400000E-01   9.908156832500000E-01   3.768949707600000E-01   5.382866595200000E-02   5.983079639500000E-02
  -1.236472500600000E+00   1.394344878500000E-01   9.908213452200000E-01   3.766958570200000E-01   5.385072360100000E-02   5.981122415200000E-02
  -1.245973614100000E+00   1.395135772900000E-01   9.905053666300000E-01   3.768688361000000E-01   5.388674417300000E-02   5.979092367600000E-02
  -1.255472636900000E+00   1.395935617800000E-01   9.904846558200000E-01   3.768613117300000E-01   5.390603195700000E-02   5.976988924500000E-02
  -1.264975138400000E+00   1.396745037100000E-01   9.908754717300000E-01   3.768409723700000E-01   5.392374630900000E-02   5.974810553000000E-02
  -1.274497500700000E+00   1.397565409500000E-01   9.906719748100000E-01   3.769878832500000E-01   5.395204014700000E-02   5.972552672100000E-02
  -1.284005947200000E+00   1.398394023300000E-01   9.908855829000000E-01   3.770117451200000E-01   5.396528210800000E-02   5.970222967800000E-02
  -1.293507312400000E+00   1.399231561100000E-01   9.909095528600000E-01   3.769466238700000E-01   5.399890481200000E-02   5.967819613700000E-02
  -1.303004582100000E+00   1.400078377600000E-01   9.908794424800000E-01   3.769007662700000E-01   5.402445065200000E-02   5.965341669400000E-02
  -1.312500413700000E+00   1.400934799300000E-01   9.907777641200000E-01   3.768400070800000E-01   5.404990503000000E-02   5.962788117500000E-02
  -1.321997590900000E+00   1.401801197800000E-01   9.908967394100000E-01   3.769718150200000E-01   5.406357305700000E-02   5.960157824700000E-02
  -1.331494415100000E+00   1.402677464200000E-01   9.906245288900000E-01   3.770122030800000E-01   5.409355739400000E-02   5.957450927800000E-02
  -1.340991928000000E+00   1.403563933000000E-01   9.907265914800000E-01   3.770714944100000E-01   5.411398118100000E-02   5.954666818800000E-02
  -1.350494921100000E+00   1.404460990500000E-01   9.908122512899999E-01   3.770716815500000E-01   5.413033108300000E-02   5.951803559600000E-02
  -1.360003311900000E+00   1.405368900500000E-01   9.909218042200000E-01   3.771473293400000E-01   5.415083250100000E-02   5.948860763000000E-02
  -1.369497352400000E+00   1.406285883300000E-01   9.906424835200000E-01   3.770382268700000E-01   5.417138377300000E-02   5.945844350800000E-02
  -1.378989795000000E+00   1.407213251500000E-01   9.910024277300000E-01   3.771884010200000E-01   5.417431906400000E-02   5.942750066100000E-02
  -1.388480643500000E+00   1.408151110900000E-01   9.908345371500000E-01   3.769759353700000E-01   5.421014749300000E-02   5.939577653400000E-02
  -1.397975834200000E+00   1.409100254700000E-01   9.910289057000000E-01   3.772129698400000E-01   5.421669597300000E-02   5.936324787500000E-02
  -1.407471675300000E+00   1.410060269000000E-01   9.910427877000000E-01   3.771900854300000E-01   5.423555744600000E-02   5.932992264400000E-02
  -1.416965777000000E+00   1.411031243000000E-01   9.910562317900000E-01   3.772553660200000E-01   5.426159060200000E-02   5.929580749600000E-02
  -1.426458543300000E+00   1.412013251600000E-01   9.909430840700000E-01   3.772506609300000E-01   5.426803800900000E-02   5.926089662400000E-02
  -1.435947195000000E+00   1.413006151900000E-01   9.910836570100000E-01   3.772126780400000E-01   5.429073873700000E-02   5.922519895100000E-02
  -1.445434158000000E+00   1.414010372200000E-01   9.907545214000000E-01   3.772608653600000E-01   5.429525278800000E-02   5.918870295600000E-02
  -1.454918083500000E+00   1.415025888300000E-01   9.909728611000000E-01   3.773128386300000E-01   5.431205205800000E-02   5.915141106400000E-02
  -1.464401004800000E+00   1.416053060400000E-01   9.910029512000000E-01   3.773041269300000E-01   5.432606023800000E-02   5.911331320900000E-02
  -1.473882333800000E+00   1.417091974700000E-01   9.907659294500000E-01   3.772675362200000E-01   5.434850767500000E-02   5.907440914900000E-02
  -1.483364266800000E+00   1.418143043500000E-01   9.909935244400000E-01   3.773531567100000E-01   5.435481043100000E-02   5.903468710700000E-02
  -1.492845764100000E+00   1.419206267600000E-01   9.911535500000000E-01   3.772540702800000E-01   5.437012906800000E-02   5.899414849900000E-02
  -1.502332729800000E+00   1.420282567500000E-01   9.911220178300000E-01   3.774137035800000E-01   5.438615405200000E-02   5.895276511200000E-02
  -1.511817403800000E+00   1.421371108800000E-01   9.911667343000000E-01   3.773349320900000E-01   5.439628139200000E-02   5.891056682100000E-02
  -1.521295895700000E+00   1.422471749500000E-01   9.909080224200000E-01   3.773604370200000E-01   5.439221282500000E-02   5.886757069700000E-02
  -1.530772990400000E+00   1.423585113000000E-01   9.909380642100000E-01   3.774705169300000E-01   5.441055576600000E-02   5.882375216600000E-02
  -1.540246751500000E+00   1.424711220600000E-01   9.910170512399999E-01   3.773760775700000E-01   5.441999391100000E-02   5.877911956600000E-02
  -1.549719807900000E+00   1.425850509100000E-01   9.912061036299999E-01   3.773225818200000E-01   5.443720040900000E-02   5.873365737000000E-02
  -1.559190303800000E+00   1.427002947200000E-01   9.912380242300000E-01   3.773763619400000E-01   5.444288995200000E-02   5.868737334500000E-02
  -1.568656216200000E+00   1.428168489800000E-01   9.912772454300000E-01   3.775375837600000E-01   5.445466373100000E-02   5.864027593000000E-02
  -1.578120567700000E+00   1.429347731500000E-01   9.912882986600000E-01   3.775282958900000E-01   5.444547669100000E-02   5.859234897200000E-02
  -1.587585798300000E+00   1.430541127100000E-01   9.912615717900000E-01   3.775635648700000E-01   5.446554246800000E-02   5.854357701100000E-02
  -1.597050871600000E+00   1.431748750400000E-01   9.910084841300000E-01   3.776155909800000E-01   5.445749181100000E-02   5.849396383100000E-02
  -1.606508568100000E+00   1.432969940100000E-01   9.909767557600000E-01   3.776340911800000E-01   5.446538603300000E-02   5.844354656500000E-02
  -1.615962877000000E+00   1.434205391500000E-01   9.913248293700000E-01   3.776080012100000E-01   5.448459450000000E-02   5.839230301600000E-02
  -1.625420913100000E+00   1.435456291900000E-01   9.910445803500000E-01   3.776706322100000E-01   5.447841665100000E-02   5.834019290200000E-02
  -1.634877005800000E+00   1.436722054600000E-01   9.911194313500000E-01   3.776212014500000E-01   5.448169142600000E-02   5.828724518600000E-02
  -1.644325430200000E+00   1.438002232900000E-01   9.914008786700000E-01   3.776068135000000E-01   5.448275657400000E-02   5.823349215800000E-02
  -1.653784388300000E+00   1.439299461200000E-01   9.914102788000000E-01   3.777394014600000E-01   5.449217752300000E-02   5.817882719800000E-02
  -1.663229283600000E+00   1.440610672200000E-01   9.914198959900000E-01   3.777428817300000E-01   5.449291272000000E-02   5.812339173600000E-02
  -1.672673629000000E+00   1.441937959000000E-01   9.913260790200000E-01   3.776568163500000E-01   5.450302881500000E-02   5.806710714000000E-02
  -1.682112532300000E+00   1.443280936200000E-01   9.911075054900000E-01   3.776173625600000E-01   5.450009243900000E-02   5.801000229100000E-02
  -1.691544656800000E+00   1.444639548600000E-01   9.912819268300000E-01   3.778164697800000E-01   5.449235193000000E-02   5.795208426800000E-02
  -1.700971873900000E+00   1.446014436700000E-01   9.915044151900000E-01   3.778188728300000E-01   5.449756488900000E-02   5.789334384200000E-02
  -1.710396143100000E+00   1.447406103300000E-01   9.912243178400000E-01   3.776690522000000E-01   5.449782946200000E-02   5.783376710400000E-02
  -1.719815541200000E+00   1.448814555100000E-01   9.914220602500000E-01   3.778133349000000E-01   5.449908442900000E-02   5.777336710500000E-02
  -1.729233294000000E+00   1.450240584700000E-01   9.915400362700000E-01   3.779088272700000E-01   5.449700870600000E-02   5.771212270100000E-02
  -1.738642988600000E+00   1.451683517700000E-01   9.914653312200000E-01   3.777184423300000E-01   5.449514860800000E-02   5.765007659300000E-02
  -1.748048227000000E+00   1.453144155200000E-01   9.913248717599999E-01   3.779094667800000E-01   5.448676149400000E-02   5.758720447700000E-02
  -1.757448362100000E+00   1.454622792800000E-01   9.915498058100000E-01   3.779619042100000E-01   5.448043152100000E-02   5.752351334100000E-02
  -1.766846191300000E+00   1.456120148000000E-01   9.915224449900000E-01   3.778684868500000E-01   5.446879235800000E-02   5.745898313800000E-02
  -1.776241381000000E+00   1.457636515600000E-01   9.915195115100000E-01   3.779876322500000E-01   5.447418235900000E-02   5.739361703600000E-02
  -1.785628536900000E+00   1.459171375300000E-01   9.914876566300000E-01   3.780298408900000E-01   5.447187828700000E-02   5.732745317400000E-02
  -1.795007362600000E+00   1.460725046500000E-01   9.916214877500000E-01   3.779014649600000E-01   5.446472755700000E-02   5.726049636300000E-02
  -1.804380498700000E+00   1.462298239700000E-01   9.915639995400000E-01   3.780374912400000E-01   5.444801707600000E-02   5.719272789900000E-02
  -1.813746737300000E+00   1.463891209500000E-01   9.916292011300000E-01   3.780574236500000E-01   5.444918261700000E-02   5.712416014600000E-02
  -1.823105259000000E+00   1.465504131800000E-01   9.917293022400000E-01   3.780109410600000E-01   5.442940669500000E-02   5.705479942800000E-02
  -1.832458813600000E+00   1.467137916200000E-01   9.914316203100000E-01   3.781096216200000E-01   5.441556132400000E-02   5.698462852600000E-02
  -1.841803270600000E+00   1.468792210000000E-01   9.916913753000000E-01   3.781575701000000E-01   5.442076416700000E-02   5.691367955400000E-02
  -1.851138561000000E+00   1.470467424700000E-01   9.917908959600000E-01   3.780094032800000E-01   5.440806463500000E-02   5.684195656700000E-02
  -1.860465302700000E+00   1.472164050500000E-01   9.918218766800000E-01   3.781488429700000E-01   5.438237705100000E-02   5.676945668800000E-02
  -1.869784205500000E+00   1.473882727000000E-01   9.916778509600001E-01   3.781163114400000E-01   5.437800491100000E-02   5.669617878400000E-02
  -1.879093615400000E+00   1.475623517300000E-01   9.918124073400000E-01   3.782094048100000E-01   5.437024469700000E-02   5.662213717500000E-02
  -1.888394877800000E+00   1.477387194000000E-01   9.916579180100000E-01   3.781559004500000E-01   5.434641484800000E-02   5.654732564500000E-02
  -1.897684836000000E+00   1.479173593900000E-01   9.917448917900000E-01   3.782780589100000E-01   5.434864288100000E-02   5.647177218900000E-02
  -1.906963458100000E+00   1.480983220800000E-01   9.918938831500000E-01   3.781941901400000E-01   5.433233521000000E-02   5.639548183000000E-02
  -1.916230355300000E+00   1.482816448800000E-01   9.917922233100001E-01   3.783320248400000E-01   5.431526892700000E-02   5.631846124000000E-02
  -1.925487058600000E+00   1.484674143700000E-01   9.918954055900000E-01   3.782186371200000E-01   5.429980171600000E-02   5.624070269800000E-02
  -1.934728901800000E+00   1.486555853500000E-01   9.917677299800000E-01   3.783749182000000E-01   5.428280061300000E-02   5.616224940300000E-02
  -1.943959072800000E+00   1.488462797400000E-01   9.919449448300000E-01   3.782867856200000E-01   5.426793855500000E-02   5.608307990700000E-02
  -1.953173835900000E+00   1.490394726900000E-01   9.918888545100000E-01   3.783959967700000E-01   5.424554733000000E-02   5.600323093900000E-02
  -1.962374848900000E+00   1.492352588200000E-01   9.920018747300000E-01   3.783800539800000E-01   5.423466734000000E-02   5.592269431600000E-02
  -1.971558548400000E+00   1.494336165100000E-01   9.920083023500000E-01   3.784037636900000E-01   5.420518329800000E-02   5.584150646000000E-02
  -1.980727427600000E+00   1.496346639100000E-01   9.920448661900000E-01   3.784428638600000E-01   5.419832535400000E-02   5.575965233600000E-02
  -1.989876364500000E+00   1.498383442100000E-01   9.920726106600000E-01   3.784205942600000E-01   5.416380421700000E-02   5.567718337500000E-02
  -1.999008878600000E+00   1.500448042900000E-01   9.920787724100000E-01   3.784959222200000E-01   5.415857078700000E-02   5.559407580600000E-02
  -2.008119101000000E+00   1.502539691700000E-01   9.921265073700000E-01   3.784350411500000E-01   5.412099458400000E-02   5.551038932000000E-02
  -2.017209984100000E+00   1.504659778500000E-01   9.921004135200000E-01   3.785450465200000E-01   5.411594531900000E-02   5.542610565300000E-02
  -2.026277100200000E+00   1.506807884300000E-01   9.921772378000000E-01   3.784442452000000E-01   5.408075216900000E-02   5.534127292300000E-02
  -2.035321512700000E+00   1.508984992500000E-01   9.920911552500000E-01   3.785866573200000E-01   5.407014960100000E-02   5.525589073600000E-02
  -2.044339371200000E+00   1.511190823700000E-01   9.922084185800000E-01   3.785033525600000E-01   5.403541110700000E-02   5.517000359200000E-02
  -2.053332396800000E+00   1.513426549400000E-01   9.920961963700000E-01   3.786317625600000E-01   5.402211528800000E-02   5.508360523200000E-02
  -2.061961044600000E+00   1.515606400800000E-01   9.922387598500000E-01   3.785714663500000E-01   5.398874460700000E-02   5.500000781200000E-02
  -2.070897502400000E+00   1.517900937000000E-01   9.920544599600000E-01   3.786844665100000E-01   5.397093527100000E-02   5.491270945300000E-02
  -2.079799722600000E+00   1.520225129700000E-01   9.923210596800000E-01   3.786680514100000E-01   5.394608263500000E-02   5.482502108700000E-02
  -2.088674105800000E+00   1.522581442300000E-01   9.921097546900000E-01   3.786566942300000E-01   5.390879741100000E-02   5.473689103000000E-02
  -2.097511616600000E+00   1.524968284700000E-01   9.921065247200000E-01   3.786597531400000E-01   5.388265473900000E-02   5.464842027300000E-02
  -2.106300769300000E+00   1.527383177000000E-01   9.923435749300000E-01   3.787823706000000E-01   5.387026640600000E-02   5.455973673800000E-02
  -2.115049177400000E+00   1.529828963000000E-01   9.922950922300000E-01   3.787849688100000E-01   5.383229909800000E-02   5.447077877300000E-02
  -2.123758560800000E+00   1.532306905700000E-01   9.922980600300000E-01   3.788526707100000E-01   5.380985256300000E-02   5.438154117400000E-02
  -2.132418079400000E+00   1.534814662100000E-01   9.924527543400000E-01   3.788822847000000E-01   5.377481343300000E-02   5.429215001300000E-02
  -2.141023715000000E+00   1.537351792600000E-01   9.924933901800000E-01   3.787570157200000E-01   5.375997128400000E-02   5.420266123800000E-02
  -2.149577310800000E+00   1.539919496900000E-01   9.922116553800000E-01   3.788159554700000E-01   5.372946294200000E-02   5.411307302400000E-02
  -2.158066469900000E+00   1.542514744000000E-01   9.923719670200000E-01   3.788205323700000E-01   5.370038628900000E-02   5.402353105200000E-02
  -2.166493112500000E+00   1.545138676800000E-01   9.922420523100000E-01   3.788300391400000E-01   5.366868476200000E-02   5.393403433400000E-02
  -2.174851632500000E+00   1.547790160900000E-01   9.922894291600000E-01   3.788694541700000E-01   5.363880074500000E-02   5.384465892100000E-02
  -2.183137826000000E+00   1.550468376700000E-01   9.924875914100000E-01   3.789259340300000E-01   5.359694031000000E-02   5.375547064400000E-02
  -2.191348337100000E+00   1.553172733900000E-01   9.924821943200000E-01   3.789956151200000E-01   5.357687303200000E-02   5.366652421900000E-02
  -2.199477352000000E+00   1.555901734400000E-01   9.926501654800000E-01   3.790351988200000E-01   5.353589523000000E-02   5.357790367100000E-02
  -2.207520814900000E+00   1.558654365300000E-01   9.926133850300000E-01   3.790801288400000E-01   5.351462902300000E-02   5.348967384700000E-02
  -2.215472334800000E+00   1.561428695100000E-01   9.926827707300000E-01   3.790854114300000E-01   5.347822749400000E-02   5.340192715300000E-02
  -2.223327404500000E+00   1.564223312500000E-01   9.926802387100000E-01   3.791255011600000E-01   5.345131836200000E-02   5.331473552100000E-02
  -2.231079446300000E+00   1.567035917200000E-01   9.927270297700000E-01   3.791350163000000E-01   5.341731104600000E-02   5.322819538300000E-02
  -2.238723505200000E+00   1.569864638600000E-01   9.927413052000000E-01   3.791612836700000E-01   5.338886734900000E-02   5.314238572100000E-02
  -2.246253053100000E+00   1.572706842800000E-01   9.927626881100000E-01   3.791712234400000E-01   5.335722067600000E-02   5.305740432400000E-02
  -2.253662621900000E+00   1.575560101300000E-01   9.927492401800000E-01   3.791709476900000E-01   5.332963221100000E-02   5.297333771400000E-02
  -2.260945814600000E+00   1.578421421200000E-01   9.928092193600000E-01   3.792198313900000E-01   5.329534108300000E-02   5.289028381100000E-02
  -2.268097344200000E+00   1.581288028700000E-01   9.928413451400000E-01   3.792073855600000E-01   5.326493314800000E-02   5.280832858700000E-02
  -2.275111261600000E+00   1.584156665500000E-01   9.928619981200000E-01   3.792617923400000E-01   5.323275984800000E-02   5.272756606000000E-02
  -2.281982249200000E+00   1.587024086900000E-01   9.928815197999999E-01   3.792728201900000E-01   5.319765714100000E-02   5.264808364000000E-02
  -2.288705350900000E+00   1.589886968300000E-01   9.928732135700000E-01   3.792896088400000E-01   5.317004829200000E-02   5.256996464100000E-02
  -2.295275524500000E+00   1.592741692000000E-01   9.929101467700000E-01   3.793170181500000E-01   5.313933944900000E-02   5.249329360100000E-02
  -2.301688759900000E+00   1.595584871500000E-01   9.929325288500001E-01   3.793361246100000E-01   5.311605400500000E-02   5.241814324900000E-02
  -2.307941302800000E+00   1.598412999400000E-01   9.929550052300000E-01   3.793524658900000E-01   5.308904013800000E-02   5.234458293400000E-02
  -2.314029855900000E+00   1.601222541100000E-01   9.929648284200000E-01   3.793688699000000E-01   5.306297469100000E-02   5.227267646800000E-02
  -2.319951919300000E+00   1.604010159700000E-01   9.929718318000000E-01   3.793628948900000E-01   5.303787383300000E-02   5.220247790500000E-02
  -2.325705492200000E+00   1.606772316600000E-01   9.930076761900000E-01   3.793996723100000E-01   5.300850332400000E-02   5.213403455400000E-02
  -2.331290235100000E+00   1.609506533000000E-01   9.928178355100000E-01   3.794134313400000E-01   5.298531903800000E-02   5.206737359400000E-02
  -2.336703785700000E+00   1.612208824400000E-01   9.930293926100000E-01   3.794062277100000E-01   5.295864224600000E-02   5.200254537400000E-02
  -2.341947970700000E+00   1.614877413400000E-01   9.928851453000000E-01   3.794452759000000E-01   5.293407810100000E-02   5.193954932400000E-02
  -2.347021771100000E+00   1.617508800700000E-01   9.930448885599999E-01   3.794422836100000E-01   5.290924436700000E-02   5.187841801100000E-02
  -2.351927670500000E+00   1.620101253100000E-01   9.929953305300000E-01   3.794690466800000E-01   5.288559445400000E-02   5.181914086800000E-02
  -2.356667184300000E+00   1.622652504500000E-01   9.930603672000000E-01   3.794840943400000E-01   5.286206151300000E-02   5.176171788300000E-02
  -2.361243127600000E+00   1.625160951700000E-01   9.930329995100000E-01   3.794982701400000E-01   5.283959045700000E-02   5.170613215800000E-02
  -2.365658269100000E+00   1.627624979700000E-01   9.930591092600000E-01   3.795103267600000E-01   5.281757458900000E-02   5.165236629300000E-02
  -2.369916037900000E+00   1.630043357200000E-01   9.930824399400000E-01   3.795158080600000E-01   5.279621212200000E-02   5.160039368200000E-02
  -2.374020166700000E+00   1.632415077900000E-01   9.930916983000000E-01   3.795238715600000E-01   5.277548236000000E-02   5.155018289400000E-02
  -2.377974720400000E+00   1.634739393000000E-01   9.930618198500000E-01   3.795353471100000E-01   5.275503759300000E-02   5.150169737200000E-02
  -2.381783990400000E+00   1.637015773700000E-01   9.929659023000000E-01   3.795516401100000E-01   5.273352862200000E-02   5.145489673200000E-02
  -2.385452451000000E+00   1.639243900000000E-01   9.928309317300000E-01   3.795624985600000E-01   5.270999669200000E-02   5.140973735600000E-02
  -2.388984732000000E+00   1.641423660500000E-01   9.929365245200000E-01   3.795703432600000E-01   5.268503767800000E-02   5.136617269100000E-02
  -2.392385576200000E+00   1.643555139800000E-01   9.930581664600000E-01   3.795734644800000E-01   5.267231647800000E-02   5.132415388600000E-02
  -2.395659772800000E+00   1.645638585700000E-01   9.931384075400000E-01   3.795573583100000E-01   5.266013597900000E-02   5.128363066600000E-02
  -2.398812160400000E+00   1.647674420900000E-01   9.931990732600000E-01   3.795771988600000E-01   5.264645272300000E-02   5.124455123800000E-02
  -2.401847536900000E+00   1.649663188000000E-01   9.932300469100001E-01   3.795851017800000E-01   5.263156604300000E-02   5.120686366400000E-02
  -2.404770625100000E+00   1.651605528600000E-01   9.932332981300001E-01   3.795802687700000E-01   5.261675339700000E-02   5.117051624100000E-02
  -2.407586108300000E+00   1.653502206500000E-01   9.931772810000000E-01   3.795657583900000E-01   5.260050108300000E-02   5.113545705600000E-02
  -2.410298575300000E+00   1.655354069000000E-01   9.930645171500000E-01   3.795405132700000E-01   5.258251624700000E-02   5.110163474200000E-02
  -2.412912539700000E+00   1.657162048200000E-01   9.929348909200000E-01   3.795550050100000E-01   5.256671057500000E-02   5.106899794500000E-02
  -2.415432347500000E+00   1.658927137200000E-01   9.930399297900000E-01   3.795555311200000E-01   5.254879878000000E-02   5.103749753800000E-02
  -2.417862226000000E+00   1.660650374500000E-01   9.932554394699999E-01   3.796045237300000E-01   5.253344112300000E-02   5.100708511700000E-02
  -2.420206253400000E+00   1.662332837000000E-01   9.931364939100000E-01   3.796606656600000E-01   5.253207848300000E-02   5.097771369000000E-02
  -2.422468367700000E+00   1.663975609300000E-01   9.930892167099999E-01   3.796049401300000E-01   5.252121498800000E-02   5.094933783500000E-02
  -2.424652381800000E+00   1.665579783500000E-01   9.932230260700000E-01   3.796450783900000E-01   5.250821179300000E-02   5.092191298200000E-02
  -2.426761941200000E+00   1.667146510700000E-01   9.932833980500000E-01   3.796610797000000E-01   5.249372838000000E-02   5.089539607000000E-02
  -2.428800515800000E+00   1.668676928300000E-01   9.933132869100000E-01   3.796768176500000E-01   5.247687273100000E-02   5.086974670600000E-02
  -2.430771431500000E+00   1.670172149300000E-01   9.932975173100000E-01   3.796876794700000E-01   5.246372830300000E-02   5.084492522100000E-02
  -2.432677881000000E+00   1.671633335300000E-01   9.933035727200000E-01   3.796946566300000E-01   5.245360472500000E-02   5.082089415500000E-02
  -2.434522870800000E+00   1.673061557200000E-01   9.932854638900001E-01   3.797003285700000E-01   5.244703953500000E-02   5.079761774300000E-02
  -2.436309293700000E+00   1.674457913100000E-01   9.932651582299999E-01   3.797041381400000E-01   5.244037434500000E-02   5.077506148800000E-02
  -2.438039892000000E+00   1.675823469300000E-01   9.932005365100000E-01   3.797003076900000E-01   5.243449616200000E-02   5.075319267700000E-02
  -2.439717279100000E+00   1.677159266300000E-01   9.932633416300000E-01   3.796964782500000E-01   5.242090414900000E-02   5.073197972000000E-02
  -2.441343932800000E+00   1.678466332700000E-01   9.932674008300000E-01   3.797069583600000E-01   5.241463725400000E-02   5.071139324700000E-02
  -2.442922208300000E+00   1.679745651300000E-01   9.931868948900000E-01   3.797069641600000E-01   5.240889552700000E-02   5.069140475700000E-02
  -2.444454348500000E+00   1.680998198100000E-01   9.932068496300001E-01   3.796801947300000E-01   5.239954354900000E-02   5.067198728600000E-02
  -2.445942483100000E+00   1.682224896400000E-01   9.930514036100000E-01   3.796528382500000E-01   5.239424379400000E-02   5.065311482500000E-02
  -2.447388628100000E+00   1.683426691100000E-01   9.930242994100000E-01   3.797000049200000E-01   5.238013529200000E-02   5.063476243800000E-02
  -2.448794695600000E+00   1.684604438200000E-01   9.930845665800000E-01   3.797041532800000E-01   5.237731840400000E-02   5.061690790100000E-02
  -2.450162495100000E+00   1.685759028300000E-01   9.931265501900000E-01   3.797191778600000E-01   5.236675541600000E-02   5.059952861800000E-02
  -2.451493746800000E+00   1.686891249800000E-01   9.931378851700000E-01   3.796994962700000E-01   5.236182995500000E-02   5.058260385800000E-02
  -2.452790072000000E+00   1.688001940200000E-01   9.931981724900000E-01   3.797336574700000E-01   5.235199678700000E-02   5.056611366800000E-02
  -2.454053020400000E+00   1.689091809800000E-01   9.930985462800000E-01   3.796721498800000E-01   5.234860867500000E-02   5.055003923000000E-02
  -2.455284043300000E+00   1.690161666400000E-01   9.931142662900000E-01   3.797101684100000E-01   5.234060713000000E-02   5.053436265000000E-02
  -2.456484535100000E+00   1.691212167800000E-01   9.932619268400000E-01   3.796846111800000E-01   5.233549281700000E-02   5.051906692300000E-02
  -2.457655802200000E+00   1.692244029900000E-01   9.933154205200000E-01   3.796882866600000E-01   5.232771689400000E-02   5.050413595200000E-02
  -2.458799100600000E+00   1.693257885800000E-01   9.933076265200000E-01   3.796880101600000E-01   5.232263380600000E-02   5.048955434200000E-02
  -2.459915603700000E+00   1.694254403400000E-01   9.933915969800000E-01   3.796824864100000E-01   5.231603768400000E-02   5.047530768000000E-02
  -2.461006442800000E+00   1.695234152300000E-01   9.934054987900000E-01   3.796756110600000E-01   5.230966176000000E-02   5.046138198100000E-02
  -2.462072672800000E+00   1.696197771200000E-01   9.931097632000000E-01   3.797745846800000E-01   5.230400761600000E-02   5.044776423100000E-02
  -2.463115320200000E+00   1.697145749200000E-01   9.934179292500001E-01   3.796610240400000E-01   5.229772179000000E-02   5.043444178600000E-02
  -2.464135333300000E+00   1.698078711500000E-01   9.932974396499999E-01   3.797618830900000E-01   5.229074066800000E-02   5.042140290800000E-02
  -2.465133635200000E+00   1.698997108000000E-01   9.933855393300000E-01   3.796943328200000E-01   5.228113701900000E-02   5.040863620000000E-02
  -2.466111086800000E+00   1.699901512400000E-01   9.931334511200000E-01   3.797841936000000E-01   5.227787428400000E-02   5.039613096800000E-02
  -2.467068527500000E+00   1.700792306400000E-01   9.934094305700000E-01   3.797328501100000E-01   5.226365271600000E-02   5.038387688600000E-02
  -2.468006730500000E+00   1.701670073400000E-01   9.934238908100000E-01   3.797559240600000E-01   5.226885844600000E-02   5.037186431000000E-02
  -2.468926462800000E+00   1.702535365700000E-01   9.933303838999999E-01   3.797490318400000E-01   5.226029654600000E-02   5.036008372400000E-02
  -2.469828422500000E+00   1.703388116400000E-01   9.934142474800000E-01   3.797298619100000E-01   5.225792127000000E-02   5.034852635400000E-02
  -2.470713284300000E+00   1.704229311600000E-01   9.931206095600000E-01   3.797828508600000E-01   5.224714512000000E-02   5.033718400100000E-02
  -2.471581705700000E+00   1.705058828000000E-01   9.933394017700000E-01   3.797177945100000E-01   5.224918994800000E-02   5.032604830600000E-02
  -2.472434281100000E+00   1.705877929300000E-01   9.934416121900000E-01   3.797682259500000E-01   5.224525775100000E-02   5.031511216800000E-02
  -2.473271612800000E+00   1.706685544200000E-01   9.933789121900000E-01   3.797551826400000E-01   5.223420493800000E-02   5.030436764800000E-02
  -2.474094270100000E+00   1.707483176300000E-01   9.933604172200000E-01   3.797870234800000E-01   5.223606772100000E-02   5.029380785500000E-02
  -2.474902800900000E+00   1.708270873100000E-01   9.933592016800000E-01   3.797777935600000E-01   5.222834538500000E-02   5.028342607900000E-02
  -2.475697691000000E+00   1.709049580200000E-01   9.934571612899999E-01   3.797463729900000E-01   5.222544346700000E-02   5.027321627000000E-02
  -2.476479462200000E+00   1.709817878300000E-01   9.934564196800000E-01   3.797145929600000E-01   5.221622619400000E-02   5.026317160200000E-02
  -2.477248545500000E+00   1.710577659900000E-01   9.934514359700000E-01   3.797681176200000E-01   5.221312736700000E-02   5.025328690000000E-02
  -2.478005399200000E+00   1.711328586600000E-01   9.933239952400000E-01   3.798207847800000E-01   5.220518942700000E-02   5.024355643600000E-02
  -2.478750477800000E+00   1.712071274300000E-01   9.932970876600000E-01   3.797311604500000E-01   5.219605946800000E-02   5.023397480300000E-02
  -2.479484188400000E+00   1.712805929400000E-01   9.934660994600000E-01   3.798181150100000E-01   5.220334055800000E-02   5.022453618000000E-02
  -2.480206898600000E+00   1.713532305700000E-01   9.934712824100000E-01   3.797374884500000E-01   5.218789560000000E-02   5.021523660900000E-02
  -2.480919002700000E+00   1.714251222300000E-01   9.932509210900000E-01   3.798225480000000E-01   5.219417821800000E-02   5.020607037900000E-02
  -2.481620869200000E+00   1.714962793900000E-01   9.934236671200000E-01   3.797225261700000E-01   5.219305154700000E-02   5.019703374900000E-02
  -2.482312829900000E+00   1.715667241100000E-01   9.934733935600000E-01   3.797487379600000E-01   5.218610926000000E-02   5.018812220400000E-02
  -2.482995235500000E+00   1.716364915300000E-01   9.933931657500000E-01   3.797891613300000E-01   5.217914960500000E-02   5.017933142800000E-02
  -2.483668391800000E+00   1.717055635300000E-01   9.934552375000000E-01   3.797964735700000E-01   5.217074541700000E-02   5.017065742300000E-02
  -2.484332625700000E+00   1.717740193300000E-01   9.932243414900001E-01   3.798283249500000E-01   5.217669789000000E-02   5.016209621400000E-02
  -2.484988203900000E+00   1.718417973500000E-01   9.933599829700001E-01   3.798259475200000E-01   5.217309210600000E-02   5.015364430100000E-02
  -2.485635426800000E+00   1.719090096900000E-01   9.934106399400000E-01   3.798372026500000E-01   5.216991083300000E-02   5.014529837900000E-02
  -2.486274588100000E+00   1.719756291800000E-01   9.933300979600000E-01   3.798276503100000E-01   5.216593506700000E-02   5.013705398000000E-02
  -2.486905910300000E+00   1.720416600500000E-01   9.933109716800000E-01   3.798441320800000E-01   5.215849659500000E-02   5.012890875600000E-02
  -2.487529672900000E+00   1.721071592600000E-01   9.932166917700000E-01   3.798146120800000E-01   5.215653362100000E-02   5.012085876100000E-02
  -2.488146116200000E+00   1.721721288900000E-01   9.933888139200000E-01   3.797869084200000E-01   5.215576167800000E-02   5.011290152700000E-02
  -2.488755469900000E+00   1.722365865600000E-01   9.934977450200000E-01   3.797648460000000E-01   5.215057577800000E-02   5.010503399200000E-02
  -2.489357974400000E+00   1.723005664800000E-01   9.933843204300000E-01   3.798212231100000E-01   5.214530063700000E-02   5.009725315700000E-02
  -2.489953836700000E+00   1.723640311300000E-01   9.934988866100000E-01   3.798072554000000E-01   5.213381850000000E-02   5.008955626600000E-02
  -2.490543283600000E+00   1.724270702800000E-01   9.933995968000000E-01   3.798538059500000E-01   5.214180389200000E-02   5.008194060300000E-02
  -2.491126501400000E+00   1.724896002800000E-01   9.933319037700000E-01   3.798486296900000E-01   5.213829390800000E-02   5.007440360000000E-02
  -2.491703690700000E+00   1.725517413100000E-01   9.934603229100000E-01   3.798200252900000E-01   5.212752144400000E-02   5.006694317100000E-02
  -2.492275064800000E+00   1.726134644600000E-01   9.933248462199999E-01   3.797591615600000E-01   5.213073808400000E-02   5.005955614500000E-02
  -2.492840781100000E+00   1.726747603700000E-01   9.934863345200000E-01   3.797567267300000E-01   5.212673843000000E-02   5.005224053400000E-02
  -2.493401029800000E+00   1.727356814000000E-01   9.931791895900000E-01   3.798620511200000E-01   5.212515622700000E-02   5.004499382800000E-02
  -2.493955984600000E+00   1.727962262700000E-01   9.935109142300000E-01   3.797618760400000E-01   5.212070193400000E-02   5.003781432400000E-02
  -2.494505812900000E+00   1.728564126900000E-01   9.932801292300000E-01   3.798644886500000E-01   5.211683165600000E-02   5.003069969900000E-02
  -2.495050673400000E+00   1.729162445500000E-01   9.935166941300000E-01   3.797981704700000E-01   5.210934806300000E-02   5.002364789900000E-02
  -2.495590734500000E+00   1.729757687200000E-01   9.934249815600000E-01   3.798254755500000E-01   5.211237443100000E-02   5.001665677400000E-02
  -2.496126132600000E+00   1.730349082600000E-01   9.932240306700000E-01   3.798681734400000E-01   5.210668700600000E-02   5.000972463200000E-02
  -2.496657030600000E+00   1.730937906200000E-01   9.931576529500000E-01   3.798672475200000E-01   5.209899209300000E-02   5.000284950800000E-02
  -2.497183562900000E+00   1.731523295400000E-01   9.932331928700000E-01   3.798725245900000E-01   5.210062577200000E-02   4.999602969600000E-02
  -2.497705880100000E+00   1.732105843700000E-01   9.933588071500000E-01   3.797863068200000E-01   5.209865817600000E-02   4.998926267800000E-02
  -2.498224106700000E+00   1.732685775600000E-01   9.933222769100000E-01   3.798661060200000E-01   5.209643821000000E-02   4.998254742100000E-02
  -2.498738377300000E+00   1.733263008000000E-01   9.934970556600000E-01   3.797602570900000E-01   5.209015693800000E-02   4.997588226400000E-02
  -2.499248828000000E+00   1.733838160900000E-01   9.934029924500000E-01   3.798634349900000E-01   5.209074940500000E-02   4.996926541900000E-02
  -2.499755566500000E+00   1.734409943000000E-01   9.932403533400000E-01   3.798371486800000E-01   5.208693724000000E-02   4.996269538300000E-02
  -2.500258736100000E+00   1.734979887700000E-01   9.935098305800000E-01   3.798686036700000E-01   5.208478893100000E-02   4.995617059100000E-02
  -2.500758438000000E+00   1.735547475900000E-01   9.935307633400000E-01   3.798410827600000E-01   5.207687467300000E-02   4.994968957200000E-02
  -2.501254792900000E+00   1.736112856000000E-01   9.935335282900000E-01   3.797975779000000E-01   5.207159639200000E-02   4.994325064400000E-02
  -2.501747916100000E+00   1.736676342300000E-01   9.934524351200000E-01   3.798709069800000E-01   5.207645359900000E-02   4.993685220700000E-02
  -2.502237914800000E+00   1.737237861100000E-01   9.934726039500000E-01   3.798433231500000E-01   5.207341981400000E-02   4.993049331500000E-02
  -2.502724902900000E+00   1.737797896900000E-01   9.934139107900000E-01   3.798783935700000E-01   5.206761262700000E-02   4.992417241500000E-02
  -2.503208978100000E+00   1.738355543200000E-01   9.935252737600000E-01   3.798626081800000E-01   5.205658772700000E-02   4.991788826000000E-02
  -2.503690235500000E+00   1.738912000100000E-01   9.934273019900000E-01   3.798540247600000E-01   5.205335991600000E-02   4.991163959500000E-02
  -2.504168788500000E+00   1.739466417700000E-01   9.935406763600000E-01   3.798611449700000E-01   5.205109136600000E-02   4.990542505200000E-02
  -2.504644731200000E+00   1.740019919000000E-01   9.933449932200000E-01   3.798400083600000E-01   5.205322858500000E-02   4.989924308900000E-02
  -2.505118151900000E+00   1.740571432000000E-01   9.935418162200000E-01   3.798851016600000E-01   5.204977295400000E-02   4.989309304700000E-02
  -2.505589157500000E+00   1.741122010800000E-01   9.935257152900000E-01   3.798463324100000E-01   5.204894379000000E-02   4.988697326900000E-02
  -2.506057832100000E+00   1.741671453400000E-01   9.932212094300000E-01   3.798975755700000E-01   5.203888400600000E-02   4.988088263000000E-02
  -2.506524272500000E+00   1.742219578400000E-01   9.935171350000001E-01   3.798653405900000E-01   5.204633341500000E-02   4.987482023000000E-02
  -2.506988554500000E+00   1.742766663400000E-01   9.935488131600000E-01   3.798546973400000E-01   5.204086231600000E-02   4.986878460100000E-02
  -2.507450770800000E+00   1.743312982800000E-01   9.935248060100000E-01   3.798957696100000E-01   5.204008739100000E-02   4.986277463000000E-02
  -2.507911004900000E+00   1.743858335800000E-01   9.935029243100000E-01   3.799003622400000E-01   5.203429729900000E-02   4.985678973000000E-02
  -2.508369343100000E+00   1.744403398600000E-01   9.935581010600000E-01   3.798975004000000E-01   5.202508306000000E-02   4.985082851700000E-02
  -2.508825864400000E+00   1.744946795800000E-01   9.934209187800001E-01   3.798538571000000E-01   5.203400514900000E-02   4.984488999100000E-02
  -2.509280647500000E+00   1.745490092200000E-01   9.935274166000000E-01   3.798121315700000E-01   5.202548012700000E-02   4.983897305700000E-02
  -2.509733773500000E+00   1.746032749100000E-01   9.932585737800000E-01   3.798370457700000E-01   5.202851956100000E-02   4.983307686900000E-02
  -2.510185329300000E+00   1.746574963400000E-01   9.932112305500000E-01   3.798789302700000E-01   5.202641861800000E-02   4.982720003900000E-02
  -2.510635375300000E+00   1.747116881100000E-01   9.932190690500000E-01   3.799113581900000E-01   5.201910299400000E-02   4.982134168000000E-02
  -2.511083999500000E+00   1.747658472800000E-01   9.935384695900000E-01   3.798299085300000E-01   5.202141830800000E-02   4.981550110200000E-02
  -2.511531271100000E+00   1.748200018500000E-01   9.932420421400000E-01   3.799123819700000E-01   5.201739255300000E-02   4.980967714200000E-02
  -2.511977260900000E+00   1.748741185900000E-01   9.934787687700000E-01   3.799134402100000E-01   5.201620784100000E-02   4.980386900500000E-02
  -2.512422055900000E+00   1.749282555800000E-01   9.932622574900000E-01   3.799015382100000E-01   5.200851582000000E-02   4.979807559400000E-02
  -2.512865715200000E+00   1.749823495500000E-01   9.932324863799999E-01   3.798856286800000E-01   5.201091265900000E-02   4.979229599100000E-02
  -2.513308312000000E+00   1.750364912600000E-01   9.932760337300000E-01   3.798644673400000E-01   5.200007032700000E-02   4.978652945700000E-02
  -2.513749921400000E+00   1.750906386300000E-01   9.935298562700000E-01   3.799067925400000E-01   5.199569250700000E-02   4.978077500900000E-02
  -2.514190605100000E+00   1.751448059600000E-01   9.933273099900000E-01   3.799127220200000E-01   5.200262525400000E-02   4.977503153800000E-02
  -2.514630429900000E+00   1.751990120500000E-01   9.933916089500000E-01   3.799061319500000E-01   5.199961797500000E-02   4.976929820600000E-02
  -2.515069468300000E+00   1.752532637400000E-01   9.934056201000000E-01   3.798815204300000E-01   5.199265333500000E-02   4.976357417800000E-02
  -2.515507790700000E+00   1.753075664600000E-01   9.935684267200000E-01   3.799038104000000E-01   5.199513518200000E-02   4.975785876000000E-02
  -2.515945464700000E+00   1.753619672400000E-01   9.935483631799999E-01   3.799023172500000E-01   5.198086480300000E-02   4.975215093700000E-02
  -2.516382550300000E+00   1.754163482000000E-01   9.934757212799999E-01   3.798582912600000E-01   5.198878489300000E-02   4.974644998000000E-02
  -2.516819122500000E+00   1.754708482700000E-01   9.934611828000000E-01   3.798331953600000E-01   5.197676986900000E-02   4.974075487600000E-02
  -2.517255237000000E+00   1.755254225600000E-01   9.933295270900000E-01   3.799116458900000E-01   5.197720642900000E-02   4.973506506500000E-02
  -2.517690966600000E+00   1.755800832400000E-01   9.934544708900001E-01   3.799119428400000E-01   5.198160465700000E-02   4.972937929000000E-02
  -2.518126374600000E+00   1.756348448900000E-01   9.934708983800000E-01   3.798896683500000E-01   5.197704949500000E-02   4.972369679100000E-02
  -2.518561520700000E+00   1.756897189000000E-01   9.933971959600000E-01   3.799287100700000E-01   5.197460642200000E-02   4.971801639100000E-02
  -2.518996474700000E+00   1.757447036000000E-01   9.933522569500000E-01   3.799169477900000E-01   5.197449960400000E-02   4.971233801600000E-02
  -2.519431302700000E+00   1.757998373800000E-01   9.932295287300000E-01   3.799286957600000E-01   5.196310106500000E-02   4.970666044900000E-02
  -2.519866067100000E+00   1.758550494900000E-01   9.935651355100000E-01   3.798192535400000E-01   5.195841187100000E-02   4.970098288000000E-02
  -2.520300832900000E+00   1.759104387900000E-01   9.933647967100000E-01   3.799367625100000E-01   5.196676233700000E-02   4.969530447800000E-02
  -2.520735658600000E+00   1.759659427800000E-01   9.934980432600000E-01   3.799387040300000E-01   5.196296889100000E-02   4.968962466000000E-02
  -2.521170612800000E+00   1.760216131400000E-01   9.934064295600000E-01   3.799383512500000E-01   5.196137615200000E-02   4.968394210200000E-02
  -2.521605757100000E+00   1.760774535100000E-01   9.932408872000000E-01   3.799235970100000E-01   5.195645949800000E-02   4.967825602600000E-02
  -2.522041154900000E+00   1.761334684100000E-01   9.933747970700000E-01   3.799215274100000E-01   5.195191951900000E-02   4.967256587300000E-02
  -2.522476871700000E+00   1.761896627600000E-01   9.935694005000000E-01   3.798969500800000E-01   5.195343931800000E-02   4.966687077300000E-02
  -2.522912973700000E+00   1.762460651600000E-01   9.933432899300000E-01   3.799424043800000E-01   5.194486558600000E-02   4.966116980800000E-02
  -2.523349527100000E+00   1.763026320900000E-01   9.935451695700001E-01   3.798369500700000E-01   5.193529141600000E-02   4.965546207700000E-02
  -2.523786599200000E+00   1.763594453100000E-01   9.934040699300000E-01   3.799475881400000E-01   5.194588846600000E-02   4.964974677300000E-02
  -2.524224248200000E+00   1.764164380600000E-01   9.933893779000000E-01   3.799352926700000E-01   5.194214752700000E-02   4.964402333500000E-02
  -2.524662535600000E+00   1.764736657500000E-01   9.935355587900000E-01   3.798827516800000E-01   5.193967198200000E-02   4.963829068700000E-02
  -2.525101528600000E+00   1.765311335600000E-01   9.936055940200000E-01   3.798636733600000E-01   5.193556776400000E-02   4.963254730900000E-02
  -2.525541301500000E+00   1.765889075800000E-01   9.935225002200000E-01   3.798807501400000E-01   5.193111838000000E-02   4.962679309200000E-02
  -2.525981912200000E+00   1.766468422900000E-01   9.935416868500000E-01   3.798629719800000E-01   5.192979537500000E-02   4.962102744700000E-02
  -2.526423434100000E+00   1.767050812500000E-01   9.933360242000000E-01   3.799544562800000E-01   5.192681126100000E-02   4.961524857700000E-02
  -2.526865924600000E+00   1.767635794200000E-01   9.936157810600000E-01   3.799418495800000E-01   5.191940351300000E-02   4.960945664500000E-02
  -2.527309451300000E+00   1.768223955700000E-01   9.931701968700000E-01   3.799411146600000E-01   5.191910829300000E-02   4.960364977300000E-02
  -2.527754090500000E+00   1.768814751400000E-01   9.936089279100000E-01   3.798742155000000E-01   5.191541629100000E-02   4.959782793900000E-02
  -2.528199914900000E+00   1.769408985200000E-01   9.935406362600000E-01   3.798904668100000E-01   5.190741925600000E-02   4.959198930800000E-02
  -2.528646983500000E+00   1.770005983400000E-01   9.935377471000000E-01   3.799281930100000E-01   5.191427225300000E-02   4.958613384700000E-02
  -2.529095361400000E+00   1.770606447100000E-01   9.936109565500000E-01   3.798438150500000E-01   5.190473572200000E-02   4.958026014300000E-02
  -2.529545131900000E+00   1.771210247800000E-01   9.933365657100000E-01   3.799641594500000E-01   5.191084674200000E-02   4.957436751700000E-02
  -2.529996360600000E+00   1.771817667100000E-01   9.935045425300000E-01   3.799640592300000E-01   5.190187538500000E-02   4.956845472100000E-02
  -2.530449125700000E+00   1.772428575700000E-01   9.935156555400000E-01   3.799637237400000E-01   5.190321101900000E-02   4.956252109900000E-02
  -2.530903499800000E+00   1.773043275000000E-01   9.935202550900000E-01   3.799600140200000E-01   5.189329608100000E-02   4.955656534300000E-02
  -2.531359555500000E+00   1.773661758900000E-01   9.933013875500000E-01   3.798708262000000E-01   5.190014871600000E-02   4.955058682100000E-02
  -2.531817360000000E+00   1.774284365600000E-01   9.935247667700000E-01   3.799620926400000E-01   5.189452718100000E-02   4.954458421900000E-02
  -2.532277001600000E+00   1.774910900700000E-01   9.935335381400000E-01   3.799065695500000E-01   5.189475326000000E-02   4.953855710000000E-02
  -2.532738547600000E+00   1.775541826200000E-01   9.935624167800000E-01   3.799283350800000E-01   5.189118644500000E-02   4.953250345400000E-02
  -2.533202087300000E+00   1.776176925600000E-01   9.933734566400000E-01   3.799427442200000E-01   5.188891473100000E-02   4.952642326900000E-02
  -2.533667692100000E+00   1.776816704800000E-01   9.935408275600000E-01   3.799289857300000E-01   5.188603846600000E-02   4.952031469900000E-02
  -2.534135462000000E+00   1.777460925100000E-01   9.934824347500000E-01   3.799571028500000E-01   5.188238753800000E-02   4.951417709200000E-02
  -2.534605447000000E+00   1.778110092800000E-01   9.936386465000000E-01   3.798962255900000E-01   5.187310078100000E-02   4.950800933500000E-02
  -2.535077745400000E+00   1.778764018600000E-01   9.934551665300000E-01   3.799795522200000E-01   5.187403953000000E-02   4.950181037300000E-02
  -2.535552436500000E+00   1.779423048200000E-01   9.935981911300000E-01   3.798537258900000E-01   5.187486201800000E-02   4.949557888200000E-02
  -2.536029634500000E+00   1.780087214500000E-01   9.934078309100000E-01   3.799764623000000E-01   5.187008016900000E-02   4.948931356700000E-02
  -2.536509392600000E+00   1.780756890500000E-01   9.934816161500000E-01   3.799833716100000E-01   5.186536117200000E-02   4.948301384100000E-02
  -2.536991808300000E+00   1.781431932400000E-01   9.935909563400001E-01   3.799834205400000E-01   5.185504575500000E-02   4.947667794400000E-02
  -2.537476972800000E+00   1.782112668100000E-01   9.936277603700000E-01   3.799497565900000E-01   5.186107591600000E-02   4.947030509700000E-02
  -2.537964986700000E+00   1.782799230600000E-01   9.936290475400000E-01   3.799857915200000E-01   5.185385440500000E-02   4.946389381900000E-02
  -2.538455936000000E+00   1.783491824100000E-01   9.935168605200000E-01   3.798570984200000E-01   5.185704236000000E-02   4.945744289600000E-02
  -2.538949926200000E+00   1.784190525200000E-01   9.935557007800000E-01   3.799830451300000E-01   5.184657620500000E-02   4.945095116300000E-02
  -2.539447048400000E+00   1.784895610200000E-01   9.936372037800000E-01   3.799435463800000E-01   5.185015310100000E-02   4.944441706800000E-02
  -2.539947405000000E+00   1.785607220600000E-01   9.935015255300000E-01   3.799235147200000E-01   5.184842078100000E-02   4.943783952600000E-02

