  -3.097193546000000E-14   2.404934959000000E-01   9.999845315800000E-01   3.848669909700000E-01   7.147579269500000E-12   1.100000052300000E+00
  -2.993505831000000E-14   2.402944261100000E-01   9.999707007900001E-01   3.848559059700000E-01   7.096389883300000E-12   1.090022119900000E+00
   6.273228444899999E-14   2.400983293300000E-01   9.999576888600000E-01   3.848966363600000E-01   2.143642183200000E-11   1.080043762400000E+00
   6.481069676799999E-14   2.399051605200000E-01   9.999680308200000E-01   3.848619701600000E-01   1.726339013400000E-11   1.070064995200000E+00
   6.896834296700000E-14   2.397148754400000E-01   9.999852040600000E-01   3.848906248200000E-01   2.136951888900000E-11   1.060085830200000E+00
   6.339250615800000E-14   2.395274312400000E-01   9.999853449900000E-01   3.848790173300000E-01   1.773723484800000E-11   1.050106278600000E+00
   6.960599069800000E-14   2.393427862500000E-01   9.999904499100000E-01   3.848835061500000E-01   1.754727391700000E-11   1.040126351500000E+00
   6.938133331900000E-14   2.391608999700000E-01   9.999951537200000E-01   3.848923788000000E-01   1.824399414000000E-11   1.030146059400000E+00
   7.361878799499999E-14   2.389817330000000E-01   9.999992892400000E-01   3.848976137500000E-01   2.048232931700000E-11   1.020165412500000E+00
   7.312591289200000E-14   2.388052470200000E-01   9.999854059800000E-01   3.848956325500000E-01   2.279913884000000E-11   1.010184420800000E+00
   6.735114341500000E-14   2.386314047600000E-01   9.999736447499999E-01   3.848884586800000E-01   2.798152339000000E-11   1.000203093800000E+00
   7.040001980799999E-14   2.384601699400000E-01   9.999821682900000E-01   3.848893181500000E-01   2.528389237100000E-11   9.902214406099999E-01
   8.693930501500001E-14   2.382915072500000E-01   9.999988317300000E-01   3.848978268100000E-01   2.878981013000000E-11   9.802394702000000E-01
   5.594654880300000E-14   2.381253823400000E-01   9.999999745900000E-01   3.848995659300000E-01   3.178444672200000E-11   9.702571911700000E-01
   4.665031936600000E-14   2.379617617600000E-01   9.999966657500000E-01   3.849001793300000E-01   3.185036738900000E-11   9.602746118500000E-01
   3.452937866000000E-14   2.378006129300000E-01   9.999987441900000E-01   3.848996549500000E-01   3.491364481800000E-11   9.502917402900000E-01
  -1.894255940900000E-15   2.376419041300000E-01   9.999989562800000E-01   3.848975585500000E-01   5.526534970600000E-11   9.403085843100000E-01
   1.186405541400000E-14   2.374856044900000E-01   9.999814956800001E-01   3.849001364800000E-01   4.863032291800000E-11   9.303251514500001E-01
   3.625914920500000E-14   2.373316839100000E-01   9.999555524100000E-01   3.848946654000000E-01   3.375677189900000E-11   9.203414490200000E-01
   4.127453258400000E-14   2.371801130800000E-01   9.999862310800000E-01   3.849001256000000E-01   2.721933760700000E-11   9.103574841299999E-01
   4.122680453500000E-14   2.370308634400000E-01   9.999934749900000E-01   3.848996181400000E-01   2.407352560700000E-11   9.003732636400000E-01
   3.920236963200000E-14   2.368839071600000E-01   9.999698883100000E-01   3.848978297600000E-01   2.462361966900000E-11   8.903887942099999E-01
   4.631437822000000E-14   2.367392171300000E-01   9.999930933100000E-01   3.848999317500000E-01   2.191108287700000E-11   8.804040823000000E-01
   4.546839439000000E-14   2.365967669100000E-01   9.999959389900001E-01   3.848998701600000E-01   2.059714913100000E-11   8.704191341900001E-01
   4.382046528100000E-14   2.364565307500000E-01   9.999941127700001E-01   3.848964917700000E-01   2.034671592000000E-11   8.604339559500001E-01
   4.804449280900000E-14   2.363184835300000E-01   9.999871349100000E-01   3.848993336700000E-01   2.023174558800000E-11   8.504485534900000E-01
   4.832464741700000E-14   2.361826007600000E-01   9.999902928400000E-01   3.848981663700000E-01   1.828482137900000E-11   8.404629325500000E-01
   4.945657610700000E-14   2.360488585800000E-01   9.999851504800000E-01   3.848989260200000E-01   1.791350577000000E-11   8.304770986900000E-01
   4.702336561400000E-14   2.359172337200000E-01   9.999899244400000E-01   3.848845001800000E-01   1.821938533800000E-11   8.204910573200001E-01
   5.403676229200000E-14   2.357877034700000E-01   9.999769805099999E-01   3.848985023700000E-01   1.903436932700000E-11   8.105048137100000E-01
   6.300392381000000E-14   2.356602457100000E-01   9.999811403300000E-01   3.849001179300000E-01   2.157292461500000E-11   8.005183729699999E-01
   7.121826843699999E-14   2.355348388500000E-01   9.999990131499999E-01   3.849000880500000E-01   2.466150666400000E-11   7.905317400600000E-01
   7.212644767200000E-14   2.354114618400000E-01   9.999939676700000E-01   3.848978933800000E-01   2.699798578700000E-11   7.805449198300000E-01
   1.423394283100000E-13   2.352900941500000E-01   9.999755053900000E-01   3.848807088300000E-01   3.744958484200000E-11   7.705579169800000E-01
   8.922520097500000E-14   2.351707157500000E-01   9.999804053500000E-01   3.849000874500000E-01   2.676124876800000E-11   7.605707361000000E-01
   1.399933041500000E-13   2.350533071100000E-01   9.999797511000000E-01   3.848845128400000E-01   2.707960319300000E-11   7.505833816300000E-01
   5.388861466600000E-14   2.349378491800000E-01   9.999750430300000E-01   3.848729192700000E-01   1.904613430900000E-11   7.405958579300000E-01
   5.680044757400000E-14   2.348243233800000E-01   9.999595642900000E-01   3.848856541100000E-01   2.819443162300000E-11   7.306081692200000E-01
   5.018501937800000E-14   2.347127115700000E-01   9.999963799300000E-01   3.848952923700000E-01   1.970853969200000E-11   7.206203196300000E-01
   3.808378221400000E-14   2.346029960600000E-01   9.999899680000000E-01   3.848633502200000E-01   2.334202360600000E-11   7.106323131700000E-01
   4.369297516000000E-14   2.344951596200000E-01   9.999895271000000E-01   3.848986451400000E-01   2.156121229400000E-11   7.006441537600000E-01
   3.790422260000000E-14   2.343891854000000E-01   9.999893462200000E-01   3.848982075100000E-01   1.882739889600000E-11   6.906558452300000E-01
   2.738359106800000E-14   2.342850570000000E-01   9.999767468700000E-01   3.848742966500000E-01   2.275351740700000E-11   6.806673912900000E-01
   2.163998365900000E-14   2.341827584100000E-01   9.999760479599999E-01   3.848682864700000E-01   2.896443384700000E-11   6.706787955900000E-01
   2.732247686100000E-14   2.340822740000000E-01   9.999960993500000E-01   3.848956570300000E-01   2.623158734700000E-11   6.606900616600000E-01
   2.347677388500000E-14   2.339835885500000E-01   9.999818678900000E-01   3.849001109600000E-01   1.911167411500000E-11   6.507011929900000E-01
   1.835984110600000E-14   2.338866872000000E-01   9.999928592700000E-01   3.848872105800000E-01   2.087849174400000E-11   6.407121929500000E-01
   1.977225711600000E-14   2.337915554700000E-01   9.999998732199999E-01   3.848605827400000E-01   2.223948660200000E-11   6.307230648500000E-01
   2.149716362400000E-14   2.336981792100000E-01   9.999968210000000E-01   3.848729555700000E-01   2.625082288200000E-11   6.207338119200000E-01
   1.430483862200000E-14   2.336065446600000E-01   9.999939496400000E-01   3.848810658300000E-01   3.048524599900000E-11   6.107444373200001E-01
   5.005843065200000E-15   2.335166383700000E-01   9.999859980500000E-01   3.848946391100000E-01   3.920209852400000E-11   6.007549441400000E-01
   4.871477819100000E-15   2.334284472600000E-01   9.999999919000000E-01   3.848868778000000E-01   3.835510587200000E-11   5.907653353900000E-01
   1.227411398400000E-14   2.333419585500000E-01   9.999903202400000E-01   3.848999100100000E-01   3.437417825000000E-11   5.807756140200000E-01
   1.887110945100000E-14   2.332571598000000E-01   9.999992758600000E-01   3.848956271500000E-01   2.498366927700000E-11   5.707857829400000E-01
   2.358605608000000E-14   2.331740388800000E-01   9.999999872899999E-01   3.848993543300000E-01   2.487885288200000E-11   5.607958449700000E-01
   2.295431996200000E-14   2.330925839600000E-01   9.999910515800000E-01   3.848983251700000E-01   2.138232307900000E-11   5.508058028800000E-01
   2.723020475400000E-14   2.330127835200000E-01   9.999999856300000E-01   3.848991005900000E-01   2.174366355700000E-11   5.408156593800000E-01
   2.919847782500000E-14   2.329346263500000E-01   9.999804295500000E-01   3.848983139500000E-01   1.956293723300000E-11   5.308254171300000E-01
   3.301223853900000E-14   2.328581015200000E-01   9.999630263200000E-01   3.848983657000000E-01   1.909757553900000E-11   5.208350787500000E-01
   3.524178228900000E-14   2.327831983800000E-01   9.999991598300000E-01   3.848916658300000E-01   2.010066872200000E-11   5.108446467800000E-01
   3.473931812500000E-14   2.327099065600000E-01   9.999999092700000E-01   3.848832840200000E-01   2.258361746100000E-11   5.008541237200000E-01
   1.397593517500000E-14   2.327037150900000E-01   9.999883223500000E-01   3.848765820100000E-01   2.318274476800000E-11   5.000000036000000E-01
   5.685502925100000E-14   2.326321609600000E-01   9.999877495400000E-01   3.848773804100000E-01   3.285000202600000E-11   4.900093852600000E-01
   1.484692498100000E-14   2.325621974100000E-01   9.999992392100000E-01   3.848968811000000E-01   3.417672723100000E-11   4.800186801100000E-01
   2.314592070500000E-14   2.324938149200000E-01   9.999997082700000E-01   3.848689172700000E-01   3.269761802300000E-11   4.700278913100000E-01
   1.220629039900000E-14   2.324270042300000E-01   9.999999849200000E-01   3.848962448400000E-01   4.917649897600000E-11   4.600370211800000E-01
   2.550053316900000E-14   2.323617563100000E-01   9.999971167300000E-01   3.848993976700000E-01   3.913637604700000E-11   4.500460720000000E-01
   5.207019122600000E-14   2.322980624100000E-01   9.999976888800000E-01   3.848996529800000E-01   2.774450598200000E-11   4.400550460200000E-01
   4.007406900100000E-14   2.322359140000000E-01   9.999967276800000E-01   3.848979175400000E-01   2.532635756600000E-11   4.300639454200000E-01
   2.489303325500000E-14   2.321753028100000E-01   9.999808485400000E-01   3.849000997500000E-01   2.198634688200000E-11   4.200727723800000E-01
   1.891913276200000E-14   2.321162208100000E-01   9.999579164000000E-01   3.848968532900000E-01   2.308185943200000E-11   4.100815290200000E-01
   1.242680389600000E-14   2.320586602000000E-01   9.999865469300000E-01   3.848686348600000E-01   2.078804244100000E-11   4.000902174200000E-01
   1.152979321500000E-14   2.320026134000000E-01   9.999781364600000E-01   3.848823624300000E-01   2.115685086500000E-11   3.900988396600000E-01
   7.358650937399999E-15   2.319480730900000E-01   9.999952720900001E-01   3.848678324200000E-01   1.946075451500000E-11   3.801073977500000E-01
   1.240395701000000E-14   2.318950321300000E-01   9.999657279900001E-01   3.848906228600000E-01   1.922669035300000E-11   3.701158937000000E-01
   8.810472474400000E-15   2.318434836500000E-01   9.999772098300000E-01   3.848834472900000E-01   1.918923138700000E-11   3.601243294700000E-01
   9.766973028800000E-15   2.317934209700000E-01   9.999700117900000E-01   3.848886218200000E-01   1.987844118600000E-11   3.501327069900000E-01
   7.510856217100000E-15   2.317448376200000E-01   9.999696871200000E-01   3.848921799800000E-01   2.119738487100000E-11   3.401410281800000E-01
   7.481085253000000E-15   2.316977273600000E-01   9.999667106800000E-01   3.848968582700000E-01   2.232947184900000E-11   3.301492949200000E-01
   4.392906438500000E-15   2.316520841500000E-01   9.999690909900000E-01   3.848993766000000E-01   2.374668475800000E-11   3.201575090700000E-01
  -2.636103575500000E-16   2.316079021600000E-01   9.999767071200000E-01   3.849000969400000E-01   2.503645629000000E-11   3.101656724500000E-01
  -6.191781264000000E-16   2.315651757600000E-01   9.999880419800000E-01   3.849001775300000E-01   2.628313423200000E-11   3.001737868900000E-01
  -5.530436875000000E-15   2.315238995200000E-01   9.999868598400000E-01   3.848951252700000E-01   2.819841889900000E-11   2.901818541600000E-01
  -2.450317895200000E-14   2.314840682300000E-01   9.999940624800000E-01   3.848996366100000E-01   2.970571421900000E-11   2.801898760400000E-01
  -2.135935668400000E-15   2.314456768500000E-01   9.999957903000000E-01   3.848955710600000E-01   2.678163279200000E-11   2.701978542600000E-01
  -2.581181501000000E-14   2.314087205500000E-01   9.999827494300000E-01   3.848598125800000E-01   3.317153099600000E-11   2.602057905500000E-01
   2.492640735800000E-15   2.313731947000000E-01   9.999799976200000E-01   3.848969806100000E-01   3.326144931700000E-11   2.502136866200000E-01
   2.812211418500000E-15   2.313390948300000E-01   9.999565634599999E-01   3.848969469900000E-01   2.421335540100000E-11   2.402215441500000E-01
   9.529900647400000E-15   2.313064166900000E-01   9.999618502600000E-01   3.849001614300000E-01   2.157323290500000E-11   2.302293648200000E-01
   9.297063258700000E-15   2.312751562000000E-01   9.999571740600000E-01   3.848939587500000E-01   1.981518895500000E-11   2.202371502700000E-01
   1.420117099600000E-14   2.312453094800000E-01   9.999644560399999E-01   3.848989786600000E-01   1.867530910100000E-11   2.102449021500000E-01
   1.840562852000000E-14   2.312168728300000E-01   9.999788742300000E-01   3.848989878300000E-01   1.791680303400000E-11   2.002526220800000E-01
   2.222028665700000E-14   2.311898427100000E-01   9.999795971000000E-01   3.848987973700000E-01   1.927752464700000E-11   1.902603116600000E-01
   1.199019316700000E-14   2.311642157900000E-01   9.999746527300000E-01   3.848925857500000E-01   2.024655039400000E-11   1.802679724900000E-01
   6.135592000500000E-15   2.311399889100000E-01   9.999545012200000E-01   3.848819860400000E-01   2.079013644300000E-11   1.702756061600000E-01
   1.278574522600000E-16   2.311171590900000E-01   9.999745082800000E-01   3.848636990400000E-01   2.116404496800000E-11   1.602832142300000E-01
  -1.739138721900000E-15   2.310957235000000E-01   9.999901631800000E-01   3.848760921300000E-01   2.174449313600000E-11   1.502907982700000E-01
  -4.255261432000000E-15   2.310756795300000E-01   9.999841963700000E-01   3.848788832600000E-01   2.274125772900000E-11   1.402983598100000E-01
  -1.072509145200000E-14   2.310570247200000E-01   9.999923401400000E-01   3.848791083000000E-01   2.471122221100000E-11   1.303059004100000E-01
  -1.214526026000000E-14   2.310397567700000E-01   9.999792213199999E-01   3.848658835000000E-01   2.607115405900000E-11   1.203134215900000E-01
  -2.907182693800000E-14   2.310238735800000E-01   9.999999138600000E-01   3.848883079200000E-01   2.864182619900000E-11   1.103209248700000E-01
  -9.425083756900000E-15   2.310093732100000E-01   9.999689371100000E-01   3.848762165100000E-01   2.721873507000000E-11   1.003284117700000E-01
  -2.011938838000000E-14   2.309962538900000E-01   9.999871570300000E-01   3.848859584500000E-01   3.249263366000000E-11   9.033588378600001E-02
  -1.583822782800000E-14   2.309845140200000E-01   9.999695296900000E-01   3.848961735400000E-01   3.370649126600000E-11   8.034334242799999E-02
  -4.679668690200000E-15   2.309741521700000E-01   9.999486832600000E-01   3.848982387200000E-01   2.602441035900000E-11   7.035078918600000E-02
  -7.087394424400000E-15   2.309651670700000E-01   9.999714692700000E-01   3.848922773400000E-01   2.253854952600000E-11   6.035822555100000E-02
   1.404397598200000E-16   2.309575576500000E-01   9.999614449799999E-01   3.848997795500000E-01   2.209777386200000E-11   5.036565300500000E-02
  -1.114682287600000E-14   2.309513229600000E-01   9.999876327300000E-01   3.849001789600000E-01   1.964450679400000E-11   4.037307303400000E-02
  -4.113421214900000E-15   2.309464622500000E-01   9.999486028200000E-01   3.849000314200000E-01   2.063542415300000E-11   3.038048710900000E-02
  -1.114738648300000E-15   2.309429749400000E-01   9.999500307700000E-01   3.849001738900000E-01   1.841531268600000E-11   2.038789671000000E-02
   5.118871701400000E-15   2.309408606000000E-01   9.999839246700000E-01   3.848978545300000E-01   1.855594645900000E-11   1.039530330700000E-02
  -3.990126712100000E-15   2.309401189700000E-01   9.999698055800000E-01   3.848859739400000E-01   1.702945481200000E-11   4.027083752100000E-04
   8.547739574600000E-15   2.309407499600000E-01   9.999946820500000E-01   3.848979140300000E-01   1.671968128400000E-11  -9.589886617500000E-03
  -1.773359098800000E-15   2.309427536600000E-01   9.999608833500000E-01   3.848815300200000E-01   1.684253627200000E-11  -1.958248019600000E-02
   1.422949586400000E-15   2.309461302900000E-01   9.999876148100000E-01   3.848985180200000E-01   1.744452324300000E-11  -2.957507089200000E-02
  -6.865782667900000E-15   2.309508802800000E-01   9.999490193300000E-01   3.848699641100000E-01   1.905039853800000E-11  -3.956765723000000E-02
  -1.901113302000000E-15   2.309570042000000E-01   9.999833341100000E-01   3.848967320800000E-01   1.999399886800000E-11  -4.956023773700000E-02
  -1.642434320700000E-14   2.309645027900000E-01   9.999634503300000E-01   3.848841603000000E-01   2.190774351900000E-11  -5.955281093400000E-02
  -3.821914263700000E-14   2.309733769600000E-01   9.999319616000000E-01   3.848941211100000E-01   2.149243991200000E-11  -6.954537534100000E-02
  -2.609414662400000E-14   2.309836278000000E-01   9.999445229900000E-01   3.848908808200000E-01   2.141608536400000E-11  -7.953792947299999E-02
  -7.985092647100000E-15   2.309952565500000E-01   9.999899535400000E-01   3.848735741000000E-01   2.434927930100000E-11  -8.953047184400000E-02
  -5.827301027600000E-15   2.310082646300000E-01   9.999970666000000E-01   3.848647843000000E-01   3.781696286800000E-11  -9.952300095699999E-02
   9.335362547800000E-16   2.310226536200000E-01   9.999999024900000E-01   3.848677175700000E-01   2.986919439400000E-11  -1.095155153100000E-01
   5.362902002800000E-15   2.310384252800000E-01   9.999937920900001E-01   3.848804004600000E-01   2.209209284100000E-11  -1.195080134100000E-01
   5.854198600200000E-14   2.310555815400000E-01   9.999476319700000E-01   3.848951104800000E-01   3.530636390100000E-11  -1.295004937300000E-01
   4.771085352500000E-14   2.310741244900000E-01   9.999537299000000E-01   3.848988621800000E-01   3.100905461900000E-11  -1.394929547500000E-01
   8.028481525199999E-15   2.310940564000000E-01   9.999906004600000E-01   3.848793245600000E-01   1.605595198300000E-11  -1.494853949400000E-01
   1.517032543300000E-14   2.311153797300000E-01   9.999828502400000E-01   3.848974416500000E-01   1.745901010300000E-11  -1.594778127700000E-01
   1.804599220100000E-14   2.311380970700000E-01   9.999810988600000E-01   3.848838433000000E-01   1.588931093300000E-11  -1.694702066900000E-01
   1.434647017500000E-14   2.311622112400000E-01   9.999730328100001E-01   3.848942003900000E-01   1.560394243200000E-11  -1.794625751500000E-01
   2.003209379800000E-14   2.311877252000000E-01   9.999904804500001E-01   3.848957074600000E-01   1.528356730700000E-11  -1.894549165600000E-01
   1.709825496900000E-15   2.312146420900000E-01   9.999999027000001E-01   3.848696992700000E-01   1.517275741900000E-11  -1.994472293500000E-01
   1.166573031200000E-14   2.312429652500000E-01   9.999899724400000E-01   3.848762133100000E-01   1.512097387600000E-11  -2.094395119200000E-01
   2.069548967200000E-14   2.312726981800000E-01   9.999690061399999E-01   3.848823237300000E-01   1.415485007800000E-11  -2.194317626700000E-01
  -4.638759874100000E-17   2.313038445700000E-01   9.999893165600000E-01   3.848955800900000E-01   1.470994432000000E-11  -2.294239799800000E-01
   9.662938078200000E-15   2.313364083000000E-01   9.999556264900000E-01   3.848757927800000E-01   1.447786372300000E-11  -2.394161622100000E-01
  -3.196020136200000E-15   2.313703934200000E-01   9.999968167000000E-01   3.848995867500000E-01   1.503427339100000E-11  -2.494083077000000E-01
  -1.239899140400000E-14   2.314058041800000E-01   9.999917281000000E-01   3.848970070900000E-01   1.543245804100000E-11  -2.594004148000000E-01
  -1.333352611500000E-14   2.314426450200000E-01   9.999883581000000E-01   3.849000163200000E-01   1.554004883400000E-11  -2.693924818000000E-01
  -2.258467897900000E-14   2.314809205500000E-01   9.999822175500001E-01   3.848821952400000E-01   1.562499301400000E-11  -2.793845070200000E-01
  -2.271853773800000E-14   2.315206356000000E-01   9.999690537500000E-01   3.848736448500000E-01   1.619431663200000E-11  -2.893764887200000E-01
  -3.494941450000000E-14   2.315617951700000E-01   9.999616375700000E-01   3.848428779800000E-01   1.707880811000000E-11  -2.993684251600000E-01
  -2.783963452000000E-14   2.316044044900000E-01   9.999563720500000E-01   3.848389285600000E-01   1.750526220100000E-11  -3.093603145900000E-01
  -4.946011503000000E-14   2.316484689500000E-01   9.999925641300000E-01   3.848408619600000E-01   1.854119388100000E-11  -3.193521552000000E-01
  -1.854044095000000E-14   2.316939941800000E-01   9.999750521800000E-01   3.848883997400000E-01   1.812607457000000E-11  -3.293439452100000E-01
  -2.888019592400000E-14   2.317409859700000E-01   9.999864436300000E-01   3.848752046300000E-01   2.289573604500000E-11  -3.393356827700000E-01
  -1.266593319500000E-14   2.317894503600000E-01   9.999986824300000E-01   3.848943040500000E-01   2.709689067400000E-11  -3.493273660300000E-01
  -1.086406844700000E-14   2.318393935700000E-01   9.999956601000000E-01   3.848989575800000E-01   4.457657321900000E-11  -3.593189931100000E-01
  -1.866382182000000E-14   2.318908220500000E-01   9.999980625300000E-01   3.848992546600000E-01   4.171874405300000E-11  -3.693105621000000E-01
  -4.573831460000000E-14   2.319437424500000E-01   9.999846481600000E-01   3.848864202400000E-01   2.724964502200000E-11  -3.793020710700000E-01
  -6.097166524900000E-15   2.319981616500000E-01   9.999998950700000E-01   3.848992423900000E-01   2.510414973100000E-11  -3.892935180500000E-01
  -7.814709852299999E-15   2.320540867500000E-01   9.999999910100000E-01   3.848992153500000E-01   2.057400710800000E-11  -3.992849010400000E-01
  -1.018179112800000E-14   2.321115250700000E-01   9.999997930300000E-01   3.848909773100000E-01   1.908025072800000E-11  -4.092762180300000E-01
  -2.310134651800000E-15   2.321704841600000E-01   9.999976250900000E-01   3.848862913900000E-01   1.888680341200000E-11  -4.192674669600000E-01
   3.588926244200000E-15   2.322309718000000E-01   9.999997654100000E-01   3.848568673400000E-01   1.864617324100000E-11  -4.292586457400000E-01
  -3.322082003400000E-15   2.322929960100000E-01   9.999963370100000E-01   3.848439381700000E-01   1.721861495300000E-11  -4.392497522500000E-01
   7.073204071000000E-16   2.323565650300000E-01   9.999983148400000E-01   3.848685326100000E-01   1.684267906500000E-11  -4.492407843200000E-01
  -6.237324750200000E-15   2.324216873700000E-01   9.999805369600000E-01   3.848466159100000E-01   1.549663748800000E-11  -4.592317397500000E-01
  -4.558475715700000E-16   2.324883717700000E-01   9.999897105300000E-01   3.848540309600000E-01   1.560008229300000E-11  -4.692226163200000E-01
   5.224967753400000E-15   2.325566272300000E-01   9.999714207600000E-01   3.848510105900000E-01   1.477185309600000E-11  -4.792134117500000E-01
   3.471822598100000E-15   2.326264629900000E-01   9.999970264800000E-01   3.848808336200000E-01   1.476079682500000E-11  -4.892041237100000E-01
   6.506047056200000E-15   2.326978885700000E-01   9.999944407100000E-01   3.848927214200000E-01   1.385758485200000E-11  -4.991947498600000E-01
   1.073835599100000E-14   2.327037150900000E-01   9.999874316100000E-01   3.848887839700000E-01   1.318265568000000E-11  -5.000000031300000E-01

