   5.000000035800000E-01   5.616069725400000E-01   9.953124511600000E-01   3.747506831100000E-01   4.756376262700000E-03   8.660618406000000E-04
   4.906411122500000E-01   5.598553404500000E-01   9.956414280900000E-01   3.754783861800000E-01   4.426600740100000E-03   8.044992437200000E-04
   4.803613431800000E-01   5.578931873700000E-01   9.959812024700000E-01   3.762326380000000E-01   4.081477215600000E-03   7.399586675400000E-04
   4.690743754100000E-01   5.556891747600000E-01   9.963367072300000E-01   3.770177221400000E-01   3.722620726500000E-03   6.727500810300000E-04
   4.566873192500000E-01   5.532055301200000E-01   9.967027969800000E-01   3.778268137600000E-01   3.352319830500000E-03   6.033225674700000E-04
   4.431011424700000E-01   5.503963021600000E-01   9.970753454400000E-01   3.786442077100000E-01   2.973619651700000E-03   5.322946010600001E-04
   4.282114399400000E-01   5.472049911400000E-01   9.974479069700000E-01   3.794704130900000E-01   2.590495511200000E-03   4.604851960500000E-04
   4.119099713100000E-01   5.435613643600000E-01   9.978256700700000E-01   3.802858827400000E-01   2.207951484600000E-03   3.889437544800000E-04
   3.957027444000000E-01   5.397656783600000E-01   9.981613454800000E-01   3.810190284200000E-01   1.864450441100000E-03   3.249659480800000E-04
   3.796052795700000E-01   5.358044410100000E-01   9.984617956500000E-01   3.816661255700000E-01   1.558245998800000E-03   2.682774995700000E-04
   3.636348477200000E-01   5.316635847400000E-01   9.987249690600000E-01   3.822331448500000E-01   1.287527707300000E-03   2.185693589700000E-04
   3.478108935400000E-01   5.273286205300000E-01   9.989591140800000E-01   3.827305788500000E-01   1.050445971400000E-03   1.754932692000000E-04
   3.321552394800000E-01   5.227848130400000E-01   9.991600655700000E-01   3.831596146100000E-01   8.450554998600000E-04   1.386581572800000E-04
   3.166922420800000E-01   5.180174271600000E-01   9.993325773400000E-01   3.835227532500000E-01   6.693111331700000E-04   1.076287787600000E-04
   3.014488711200000E-01   5.130120513700001E-01   9.994759624400000E-01   3.838315048100000E-01   5.210360142800000E-04   8.192716802000000E-05
   2.864546519600000E-01   5.077550218500000E-01   9.995996068000000E-01   3.840815450500000E-01   3.979253748500000E-04   6.103735780600000E-05
   2.717414425900000E-01   5.022339195600000E-01   9.997003106500000E-01   3.842900000700000E-01   2.975445208100000E-04   4.441373837200000E-05
   2.573429853600000E-01   4.964381373700000E-01   9.997780866400000E-01   3.844537844000000E-01   2.173536920500000E-04   3.149303862400000E-05
   2.432941859500000E-01   4.903594885800000E-01   9.998425024399999E-01   3.845790761600000E-01   1.547499180800000E-04   2.170946725300000E-05
   2.296301532000000E-01   4.839927642200000E-01   9.998903812800000E-01   3.846803557700000E-01   1.071158961100000E-04   1.451200768200000E-05
   2.229565444500000E-01   4.807023981600000E-01   9.999097074800000E-01   3.847205438700000E-01   8.811748198300000E-05   1.172062144600000E-05
   2.163940260000000E-01   4.773409650700000E-01   9.999230816200000E-01   3.847505526300000E-01   7.191357699500000E-05   9.385154360000001E-06
   2.099442851500000E-01   4.739078195800000E-01   9.999340460400000E-01   3.847815861600000E-01   5.819955574400000E-05   7.447673243100000E-06
   2.036109494600000E-01   4.704035740500000E-01   9.999519975400000E-01   3.848025125900000E-01   4.669069566800000E-05   5.855113790100000E-06
   1.973973347700000E-01   4.668291010400000E-01   9.999583766100000E-01   3.848202249300000E-01   3.711820636500000E-05   4.558572180700000E-06
   1.943368633100000E-01   4.650161730600000E-01   9.999625358400001E-01   3.848275105800000E-01   3.297900888100000E-05   4.007298795300000E-06
   1.928184711900000E-01   4.641034117400000E-01   9.999679368500000E-01   3.848361501100000E-01   3.105790283400000E-05   3.753622093900000E-06
   1.913079308900000E-01   4.631864115900000E-01   9.999698127600000E-01   3.848402046100000E-01   2.923101025600000E-05   3.513736111100000E-06
   1.898052154100000E-01   4.622651852600000E-01   9.999715823400001E-01   3.848436910500000E-01   2.749462087000000E-05   3.287030103200000E-06
   1.881613364600000E-01   4.612469629500000E-01   9.999726896200000E-01   3.848428120500000E-01   2.568497348300000E-05   3.052185781300000E-06
   1.865270237300000E-01   4.602236782500000E-01   9.999745750600000E-01   3.848513495700000E-01   2.397611168700000E-05   2.831835118200000E-06
   1.849023297900000E-01   4.591953640800000E-01   9.999722827600001E-01   3.848545750200000E-01   2.236384222800000E-05   2.625253675000000E-06
   1.832873229500000E-01   4.581620410400000E-01   9.999750487800000E-01   3.848532373400000E-01   2.084356819400000E-05   2.431743999900000E-06
   1.816820069200000E-01   4.571237630100000E-01   9.999794208100000E-01   3.848557147500000E-01   1.941139303400000E-05   2.250626025900000E-06
   1.814820540600000E-01   4.569936225000000E-01   9.999767179600000E-01   3.848540734800000E-01   1.923838136900000E-05   2.228827983300000E-06
   1.812822090200000E-01   4.568634282100000E-01   9.999777159400000E-01   3.848566090100000E-01   1.906665499100000E-05   2.207207293600000E-06
   1.812272999600000E-01   4.568276007900000E-01   9.999769131500000E-01   3.848545105700000E-01   1.901966446700000E-05   2.201295717000000E-06
   1.811723825800000E-01   4.567917774100000E-01   9.999777493599999E-01   3.848562765400000E-01   1.897274330600000E-05   2.195395653900000E-06
   1.811119853400000E-01   4.567523657500000E-01   9.999771866700000E-01   3.848555565300000E-01   1.892129200200000E-05   2.188921184200000E-06
   1.810516207600000E-01   4.567129377300000E-01   9.999797136900000E-01   3.848556857500000E-01   1.886988001600000E-05   2.182465174700000E-06
   1.809852137600000E-01   4.566695698000000E-01   9.999796528700000E-01   3.848573123300000E-01   1.881353423300000E-05   2.175380182100000E-06
   1.809520178000000E-01   4.566478820500000E-01   9.999790064900000E-01   3.848565674200000E-01   1.878541736200000E-05   2.171845252400000E-06
   1.809155224200000E-01   4.566240154400000E-01   9.999803591899999E-01   3.848553968300000E-01   1.875451843200000E-05   2.167964179900000E-06
   1.808972670900000E-01   4.566120859400000E-01   9.999800097200000E-01   3.848556416800000E-01   1.873907801900000E-05   2.166024873100000E-06
   1.808698906000000E-01   4.565941884300000E-01   9.999788229000000E-01   3.848588490000000E-01   1.871597600300000E-05   2.163119151900000E-06
   1.808425181000000E-01   4.565762889200000E-01   9.999787414600000E-01   3.848550898400000E-01   1.869286474600000E-05   2.160216910800000E-06
   1.808124257000000E-01   4.565565908100000E-01   9.999776831500000E-01   3.848586608000000E-01   1.866749786300000E-05   2.157029816000000E-06
   1.807973656900000E-01   4.565467486100000E-01   9.999765294600000E-01   3.848583523900000E-01   1.865483213000000E-05   2.155436187500000E-06
   1.807898305600000E-01   4.565418300700000E-01   9.999741782700000E-01   3.848582395200000E-01   1.864850272900000E-05   2.154639172600000E-06
   1.807747922700000E-01   4.565319770400000E-01   9.999741275800000E-01   3.848572977800000E-01   1.863583922600000E-05   2.153049228500000E-06
   1.807522172800000E-01   4.565172062500000E-01   9.999802394600000E-01   3.848557659000000E-01   1.861677232000000E-05   2.150664176400000E-06
   1.807183578300000E-01   4.564950485500000E-01   9.999768348800000E-01   3.848596442500000E-01   1.858836795200000E-05   2.147090808700000E-06
   1.806844974600000E-01   4.564728912900000E-01   9.999768686100000E-01   3.848590189000000E-01   1.855998125100000E-05   2.143522004000000E-06
   1.806472746500000E-01   4.564485065400000E-01   9.999784939800000E-01   3.848561703300000E-01   1.852869635100000E-05   2.139604168500000E-06
   1.806426202000000E-01   4.564454592500000E-01   9.999775577900000E-01   3.848575051200000E-01   1.852480733300000E-05   2.139114667200000E-06
   1.806379708500000E-01   4.564424093900000E-01   9.999762156000001E-01   3.848596852200000E-01   1.852092773100000E-05   2.138625785500000E-06
   1.806356417300000E-01   4.564408866800000E-01   9.999787334700000E-01   3.848576748200000E-01   1.851894493700000E-05   2.138380915800000E-06
   1.806343637000000E-01   4.564400477100000E-01   9.999761100800000E-01   3.848604988100000E-01   1.851790479700000E-05   2.138246559600000E-06
   1.806330746900000E-01   4.564392141800000E-01   9.999808002700000E-01   3.848609843500000E-01   1.851682907800000E-05   2.138111052600000E-06
   1.806311638000000E-01   4.564379525600000E-01   9.999800533200000E-01   3.848569291400000E-01   1.851516167600000E-05   2.137910188200000E-06
   1.806292325800000E-01   4.564367010700000E-01   9.999777060500000E-01   3.848561435000000E-01   1.851360668600000E-05   2.137707200500000E-06
   1.806263560100000E-01   4.564348138200000E-01   9.999784729500000E-01   3.848588949500000E-01   1.851119200500000E-05   2.137404868800000E-06
   1.806220557700000E-01   4.564319757800000E-01   9.999787908000000E-01   3.848558811300000E-01   1.850755362400000E-05   2.136952985800000E-06
   1.806177168800000E-01   4.564291568300000E-01   9.999754846500000E-01   3.848601659800000E-01   1.850397886800000E-05   2.136497109300000E-06
   1.806129604800000E-01   4.564260479300000E-01   9.999804526100000E-01   3.848581973100000E-01   1.849996821300000E-05   2.135997460400000E-06
   1.806082298100000E-01   4.564229262500000E-01   9.999749358600000E-01   3.848619781600000E-01   1.849604016000000E-05   2.135500599800000E-06
   1.806010973800000E-01   4.564182617900000E-01   9.999799640900000E-01   3.848553173500000E-01   1.848998971600000E-05   2.134751652700000E-06
   1.805939615900000E-01   4.564135990800000E-01   9.999785084900000E-01   3.848559107900000E-01   1.848407373300000E-05   2.134002565300000E-06
   1.805797191000000E-01   4.564042591600000E-01   9.999747480400000E-01   3.848604718900000E-01   1.847220266800000E-05   2.132508056600000E-06
   1.805654778300000E-01   4.563949186600000E-01   9.999788462300000E-01   3.848573973300000E-01   1.846023334300000E-05   2.131014495100000E-06
   1.805369787700000E-01   4.563762458400000E-01   9.999790593700000E-01   3.848600189800000E-01   1.843642524000000E-05   2.128028104000000E-06
   1.805084816100000E-01   4.563575720700000E-01   9.999779346900000E-01   3.848570000600000E-01   1.841267436400000E-05   2.125045196200000E-06
   1.804657454200000E-01   4.563295566400000E-01   9.999753166799999E-01   3.848592831400000E-01   1.837710020400000E-05   2.120577983600000E-06
   1.804230079100000E-01   4.563015418400000E-01   9.999792119799999E-01   3.848564759600000E-01   1.834147768600000E-05   2.116117999700000E-06
   1.803802961200000E-01   4.562735142300000E-01   9.999774357800000E-01   3.848625125500000E-01   1.830604773800000E-05   2.111668061000000E-06
   1.803333217500000E-01   4.562426795600000E-01   9.999801631900000E-01   3.848596543000000E-01   1.826696735400000E-05   2.106782499800000E-06
   1.802628425400000E-01   4.561964362300000E-01   9.999762834400000E-01   3.848621254400000E-01   1.820868650200000E-05   2.099468965600000E-06
   1.801853614700000E-01   4.561455456100000E-01   9.999761633599999E-01   3.848594053200000E-01   1.814470252700000E-05   2.091451862300000E-06
   1.801079012900000E-01   4.560946445400000E-01   9.999776544600000E-01   3.848596413800000E-01   1.808089011700000E-05   2.083460950900000E-06
   1.800304774700000E-01   4.560437253500000E-01   9.999794802400001E-01   3.848597538500000E-01   1.801724804000000E-05   2.075497764100000E-06
   1.799453167200000E-01   4.559877114200000E-01   9.999808740700000E-01   3.848577482900000E-01   1.794748767300000E-05   2.066766424000000E-06
   1.799133781600000E-01   4.559667077900000E-01   9.999808476399999E-01   3.848598653400000E-01   1.792137980100000E-05   2.063499281900000E-06
   1.798814587200000E-01   4.559456946700000E-01   9.999779311500000E-01   3.848611763100000E-01   1.789535310400000E-05   2.060238147100000E-06
   1.798495436100000E-01   4.559246793900000E-01   9.999795599300000E-01   3.848593153600000E-01   1.786928789000000E-05   2.056981500500000E-06
   1.798176344800000E-01   4.559036611500000E-01   9.999814238600000E-01   3.848577757700000E-01   1.784330199800000E-05   2.053729505000000E-06
   1.798056590600000E-01   4.558957840000000E-01   9.999760741700000E-01   3.848631869600000E-01   1.783359951700000E-05   2.052510085700000E-06
   1.797936962100000E-01   4.558879006200000E-01   9.999801434000000E-01   3.848582328300000E-01   1.782378780100000E-05   2.051292507400000E-06
   1.797817354900000E-01   4.558800162000000E-01   9.999783293000000E-01   3.848632531700000E-01   1.781413812100000E-05   2.050075720500000E-06
   1.797697704200000E-01   4.558721339200000E-01   9.999799845400000E-01   3.848591673100000E-01   1.780432663300000E-05   2.048859048900000E-06
   1.797458460500000E-01   4.558563665000000E-01   9.999747078600000E-01   3.848635657400000E-01   1.778494401000000E-05   2.046427999500000E-06
   1.797195212700000E-01   4.558390262700000E-01   9.999801664600000E-01   3.848588210000000E-01   1.776351987000000E-05   2.043755658700000E-06
   1.797063578800000E-01   4.558303566500000E-01   9.999812526700000E-01   3.848576279400000E-01   1.775285237700000E-05   2.042420412600000E-06
   1.796931973000000E-01   4.558216856300000E-01   9.999797286200000E-01   3.848634127600000E-01   1.774225025300000E-05   2.041086133400000E-06
   1.796668751100000E-01   4.558043440900000E-01   9.999747729000000E-01   3.848601460500000E-01   1.772091747100000E-05   2.038419535500000E-06
   1.796537238200000E-01   4.557956684800000E-01   9.999791078900000E-01   3.848571349500000E-01   1.771021209900000E-05   2.037088252900000E-06
   1.796471616100000E-01   4.557913240400000E-01   9.999750028800000E-01   3.848639290900000E-01   1.770492850200000E-05   2.036424229000000E-06
   1.796438709000000E-01   4.557891565600000E-01   9.999757254100000E-01   3.848634906600000E-01   1.770227550600000E-05   2.036091303400000E-06
   1.796389350200000E-01   4.557859052500000E-01   9.999774378700000E-01   3.848637235300000E-01   1.769828498100000E-05   2.035592026400000E-06
   1.796290528000000E-01   4.557794077900000E-01   9.999778572200000E-01   3.848607930400000E-01   1.769027780700000E-05   2.034592692000000E-06
   1.796142700600000E-01   4.557696415300000E-01   9.999793100100000E-01   3.848612920600000E-01   1.767828337900000E-05   2.033098513300000E-06
   1.795980075700000E-01   4.557588994100000E-01   9.999804446400000E-01   3.848587908400000E-01   1.766508421900000E-05   2.031455760400000E-06
   1.795817160600000E-01   4.557481715900000E-01   9.999770917100000E-01   3.848633184700000E-01   1.765200640200000E-05   2.029811127400000E-06
   1.795727679400000E-01   4.557422652600000E-01   9.999794430900000E-01   3.848586819200000E-01   1.764474850100000E-05   2.028908255200000E-06
   1.795660556800000E-01   4.557378360900000E-01   9.999788750500000E-01   3.848626221500000E-01   1.763933164800000E-05   2.028231194600000E-06
   1.795526304600000E-01   4.557289781100000E-01   9.999771470600000E-01   3.848622011700000E-01   1.762854271500000E-05   2.026877525500000E-06
   1.795257804000000E-01   4.557112619300000E-01   9.999759307500000E-01   3.848618791100000E-01   1.760687464300000E-05   2.024172362800000E-06
   1.794962329100000E-01   4.556917802500000E-01   9.999773731500000E-01   3.848624209700000E-01   1.758307569200000E-05   2.021198706500000E-06
   1.794637525500000E-01   4.556703395900000E-01   9.999749798899999E-01   3.848630368400000E-01   1.755695729600000E-05   2.017933844700000E-06
   1.794475238900000E-01   4.556596135800000E-01   9.999753924400000E-01   3.848621701400000E-01   1.754389589300000E-05   2.016304125000000E-06
   1.794296722600000E-01   4.556478150100000E-01   9.999774055900000E-01   3.848611100600000E-01   1.752951695500000E-05   2.014512617800000E-06
   1.794028787900000E-01   4.556301250400000E-01   9.999797356000000E-01   3.848630021500000E-01   1.750797972800000E-05   2.011826096600000E-06
   1.793626795600000E-01   4.556035945100000E-01   9.999749582800000E-01   3.848637704200000E-01   1.747579257400000E-05   2.007800686900000E-06
   1.792823584900000E-01   4.555504952000000E-01   9.999765268900001E-01   3.848597908100000E-01   1.741147765700000E-05   1.999776570600000E-06
   1.792020325500000E-01   4.554973981900000E-01   9.999780914300000E-01   3.848594940000000E-01   1.734736763100000E-05   1.991777195800000E-06
   1.791217369200000E-01   4.554442861600000E-01   9.999806089800000E-01   3.848645030800000E-01   1.728350066000000E-05   1.983805983500000E-06
   1.790816157900000E-01   4.554177169700000E-01   9.999811764900000E-01   3.848596271600000E-01   1.725153295000000E-05   1.979832432500000E-06
   1.790214302700000E-01   4.553778650000000E-01   9.999775229900000E-01   3.848626448200000E-01   1.720386642300000E-05   1.973883465200000E-06
   1.789612523400000E-01   4.553380092500000E-01   9.999755553600000E-01   3.848643445000000E-01   1.715627318800000E-05   1.967949295600000E-06
   1.788710177400000E-01   4.552782096200000E-01   9.999762002000000E-01   3.848646864800000E-01   1.708507522600000E-05   1.959077513700000E-06
   1.787717823700000E-01   4.552124187200000E-01   9.999765139900000E-01   3.848611437700000E-01   1.700702102200000E-05   1.949357120600000E-06
   1.786726004800000E-01   4.551466013800000E-01   9.999769540500000E-01   3.848640102500000E-01   1.692929069900000E-05   1.939679907100000E-06
   1.785734668500000E-01   4.550807602100000E-01   9.999768436100001E-01   3.848618058700000E-01   1.685185460600000E-05   1.930045174900000E-06
   1.784248070100000E-01   4.549819782200000E-01   9.999801797200000E-01   3.848634661300000E-01   1.673624422500000E-05   1.915667617100000E-06
   1.783504942900000E-01   4.549325786600000E-01   9.999794184900000E-01   3.848636694900000E-01   1.667871136400000E-05   1.908512158700000E-06
   1.783319278900000E-01   4.549202230100000E-01   9.999797453400000E-01   3.848644565300000E-01   1.666435374400000E-05   1.906727710400000E-06
   1.783040707000000E-01   4.549016931800000E-01   9.999779234100000E-01   3.848657126100000E-01   1.664287644800000E-05   1.904052778900000E-06
   1.782734330300000E-01   4.548813078100000E-01   9.999815593500000E-01   3.848627170500000E-01   1.661915263400000E-05   1.901114266400000E-06
   1.782275224100000E-01   4.548507072900000E-01   9.999802331800000E-01   3.848644727000000E-01   1.658375926200000E-05   1.896717581100000E-06
   1.781815726800000E-01   4.548201258400000E-01   9.999799279900000E-01   3.848631929900000E-01   1.654843128200000E-05   1.892325160600000E-06
   1.781471280300000E-01   4.547971811200000E-01   9.999780668200000E-01   3.848654806100000E-01   1.652197365400000E-05   1.889037780900000E-06
   1.781126758600000E-01   4.547742400500000E-01   9.999765785800000E-01   3.848654999700000E-01   1.649556339600000E-05   1.885754190300000E-06
   1.780438179000000E-01   4.547283351700000E-01   9.999781053700000E-01   3.848645548800000E-01   1.644279359200000E-05   1.879204875400000E-06
   1.779749416900000E-01   4.546824391300000E-01   9.999777997200000E-01   3.848660937200000E-01   1.639018351800000E-05   1.872671753200000E-06
   1.779061169000000E-01   4.546365178900000E-01   9.999807630999999E-01   3.848652470000000E-01   1.633767820500000E-05   1.866161370700000E-06
   1.778028901200000E-01   4.545676308100000E-01   9.999797704800000E-01   3.848667756100000E-01   1.625929928500000E-05   1.856430198400000E-06
   1.776997453100000E-01   4.544987035700000E-01   9.999827276800000E-01   3.848610820700000E-01   1.618111035000000E-05   1.846746697400000E-06
   1.776430029000000E-01   4.544607997400000E-01   9.999793098600001E-01   3.848672233400000E-01   1.613834659200000E-05   1.841436558700000E-06
   1.776118108600000E-01   4.544399446800000E-01   9.999784694300000E-01   3.848673308400000E-01   1.611483031300000E-05   1.838522634300000E-06
   1.775884144900000E-01   4.544243045200000E-01   9.999820274500000E-01   3.848671004800000E-01   1.609721362300000E-05   1.836339351100000E-06
   1.775626991900000E-01   4.544070902400000E-01   9.999814209300000E-01   3.848669713000000E-01   1.607784994000000E-05   1.833942037600000E-06
   1.775241141100000E-01   4.543812747000000E-01   9.999810990600000E-01   3.848650910900000E-01   1.604884548300000E-05   1.830349548000000E-06
   1.774855040700000E-01   4.543554712800000E-01   9.999786730000000E-01   3.848668209900000E-01   1.601989321300000E-05   1.826760287300000E-06
   1.774430838000000E-01   4.543270627700000E-01   9.999827996700000E-01   3.848649586600000E-01   1.598808105400000E-05   1.822823213600000E-06
   1.774218695600000E-01   4.543128605100000E-01   9.999831806800000E-01   3.848643500900000E-01   1.597219685500000E-05   1.820856806400000E-06
   1.774006696600000E-01   4.542986512800000E-01   9.999824950300000E-01   3.848651814900000E-01   1.595632833900000E-05   1.818893398600000E-06
   1.773688379100000E-01   4.542773529000000E-01   9.999809049900000E-01   3.848665083300000E-01   1.593256072900000E-05   1.815948461700000E-06
   1.773211310400000E-01   4.542453854900000E-01   9.999801652000000E-01   3.848651060000000E-01   1.589694737600000E-05   1.811541858500000E-06
   1.772686481800000E-01   4.542102238900000E-01   9.999796063800001E-01   3.848675157000000E-01   1.585785282900000E-05   1.806703841900000E-06
   1.771899475600000E-01   4.541574698900000E-01   9.999825208200001E-01   3.848622927600000E-01   1.579937173300000E-05   1.799468084100000E-06
   1.771112692500000E-01   4.541047049500000E-01   9.999835943700000E-01   3.848621931000000E-01   1.574105462000000E-05   1.792257216800000E-06
   1.770326375900000E-01   4.540519172800000E-01   9.999826078200000E-01   3.848662832800000E-01   1.568294713900000E-05   1.785073396400000E-06
   1.769461551300000E-01   4.539938447100000E-01   9.999832283300000E-01   3.848636208100000E-01   1.561922371000000E-05   1.777198543300000E-06
   1.768510707700000E-01   4.539299422700000E-01   9.999838442600000E-01   3.848658240900000E-01   1.554935510100000E-05   1.768572055700000E-06
   1.767559937200000E-01   4.538660361400000E-01   9.999816951800000E-01   3.848625673400000E-01   1.547981909700000E-05   1.759979266000000E-06
   1.767084702700000E-01   4.538340757300000E-01   9.999820098200000E-01   3.848624142800000E-01   1.544513465600000E-05   1.755696589200000E-06
   1.766609697600000E-01   4.538021041700000E-01   9.999836152800000E-01   3.848675965200000E-01   1.541045972900000E-05   1.751424192700000E-06
   1.766253470500000E-01   4.537781241800000E-01   9.999839456800000E-01   3.848660486200000E-01   1.538457162700000E-05   1.748225527300000E-06
   1.765897148900000E-01   4.537541487400000E-01   9.999838454900000E-01   3.848679966700000E-01   1.535869789000000E-05   1.745030616200000E-06
   1.765505482200000E-01   4.537277618500000E-01   9.999836300400000E-01   3.848679912100000E-01   1.533022607300000E-05   1.741524098100000E-06
   1.765113746900000E-01   4.537013782500000E-01   9.999840981800000E-01   3.848690193600000E-01   1.530185719400000E-05   1.738022528500000E-06
   1.764722125400000E-01   4.536749891200000E-01   9.999841384600000E-01   3.848672605900000E-01   1.527353293800000E-05   1.734527528700000E-06
   1.764330307900000E-01   4.536486094400000E-01   9.999838139800000E-01   3.848680239900000E-01   1.524521610300000E-05   1.731036328700000E-06
   1.764134515200000E-01   4.536354139900000E-01   9.999841779000000E-01   3.848674454100000E-01   1.523110730800000E-05   1.729293834400000E-06
   1.763841364900000E-01   4.536155947600000E-01   9.999840716300000E-01   3.848682910200000E-01   1.520990046400000E-05   1.726687488900000E-06
   1.763547515200000E-01   4.535958092500000E-01   9.999842015400000E-01   3.848688951400000E-01   1.518875840900000E-05   1.724078028400000E-06
   1.763107170900000E-01   4.535661102400000E-01   9.999841233300000E-01   3.848691479700000E-01   1.515708249700000E-05   1.720173481100000E-06
   1.763052394100000E-01   4.535623850200000E-01   9.999837060400000E-01   3.848664998500000E-01   1.515314282000000E-05   1.719688267000000E-06
   1.763038487500000E-01   4.535614638900000E-01   9.999833767300000E-01   3.848691601300000E-01   1.515211171500000E-05   1.719565097500000E-06
   1.763024706500000E-01   4.535605367300000E-01   9.999833707200000E-01   3.848668233500000E-01   1.515117424200000E-05   1.719443048900000E-06
   1.763010823300000E-01   4.535596145600000E-01   9.999835532300000E-01   3.848693226600000E-01   1.515013816400000E-05   1.719320102000000E-06
   1.763004027900000E-01   4.535591463200000E-01   9.999838383600000E-01   3.848663250500000E-01   1.514968460400000E-05   1.719259924500000E-06
   1.762997090600000E-01   4.535586849200000E-01   9.999832765800000E-01   3.848692907600000E-01   1.514914136000000E-05   1.719198494800000E-06
   1.762990125300000E-01   4.535582250100000E-01   9.999842606000000E-01   3.848687491600000E-01   1.514869272100000E-05   1.719136814300000E-06
   1.762976427100000E-01   4.535572937400000E-01   9.999842490000000E-01   3.848688368900000E-01   1.514769959400000E-05   1.719015520400000E-06
   1.762973116400000E-01   4.535570555200000E-01   9.999842601900000E-01   3.848691267400000E-01   1.514745335100000E-05   1.718986208100000E-06
   1.762969343400000E-01   4.535567995700000E-01   9.999834611200000E-01   3.848682612500000E-01   1.514718883600000E-05   1.718952801600000E-06
   1.762965434600000E-01   4.535565503200000E-01   9.999829801600000E-01   3.848691126500000E-01   1.514686034300000E-05   1.718918193700000E-06
   1.762963529100000E-01   4.535564233100000E-01   9.999833399400000E-01   3.848689149000000E-01   1.514678913400000E-05   1.718901322600000E-06
   1.762960631700000E-01   4.535562347700000E-01   9.999837349100000E-01   3.848690056300000E-01   1.514654406800000E-05   1.718875668100000E-06
   1.762954996100000E-01   4.535558497900000E-01   9.999827378500000E-01   3.848687944800000E-01   1.514617884900000E-05   1.718825770100000E-06
   1.762948809100000E-01   4.535554259500000E-01   9.999842701800000E-01   3.848683844600000E-01   1.514571065000000E-05   1.718770998000000E-06
   1.762936414100000E-01   4.535545792500000E-01   9.999836148600000E-01   3.848688676400000E-01   1.514482642600000E-05   1.718661259800000E-06
   1.762911396900000E-01   4.535528966700000E-01   9.999842070200000E-01   3.848678993700000E-01   1.514302842100000E-05   1.718439792600000E-06
   1.762873985500000E-01   4.535503674000000E-01   9.999842497600000E-01   3.848687632400000E-01   1.514033386100000E-05   1.718108654500000E-06
   1.762836569900000E-01   4.535478383500000E-01   9.999842744400000E-01   3.848690651100000E-01   1.513763482200000E-05   1.717777526700000E-06
   1.762795381200000E-01   4.535450579000000E-01   9.999837571800000E-01   3.848683331100000E-01   1.513468934500000E-05   1.717413062500000E-06
   1.762712816500000E-01   4.535395060500000E-01   9.999836538400000E-01   3.848666597400000E-01   1.512878227500000E-05   1.716682661900000E-06
   1.762667545600000E-01   4.535364457800000E-01   9.999831875200000E-01   3.848673638300000E-01   1.512552862700000E-05   1.716282279500000E-06
   1.762617767800000E-01   4.535330785300000E-01   9.999842897900000E-01   3.848674401200000E-01   1.512193363900000E-05   1.715842125900000E-06
   1.762604084200000E-01   4.535321522800000E-01   9.999842549400000E-01   3.848662016400000E-01   1.512094744500000E-05   1.715721144600000E-06
   1.762576731800000E-01   4.535302990700000E-01   9.999838938200000E-01   3.848693921400000E-01   1.511895382100000E-05   1.715479338400000E-06
   1.762569892500000E-01   4.535298358300000E-01   9.999842932200000E-01   3.848693704400000E-01   1.511848459400000E-05   1.715418877800000E-06
   1.762566249400000E-01   4.535296149400000E-01   9.999840907100001E-01   3.848690512900000E-01   1.511823250500000E-05   1.715386668900000E-06
   1.762562835500000E-01   4.535293823800000E-01   9.999831480200000E-01   3.848669135500000E-01   1.511801773100000E-05   1.715356497900000E-06
   1.762560961200000E-01   4.535292546800000E-01   9.999834962100000E-01   3.848693752400000E-01   1.511782294500000E-05   1.715339927700000E-06
   1.762557210700000E-01   4.535289993600000E-01   9.999833321600000E-01   3.848686376400000E-01   1.511761065200000E-05   1.715306774000000E-06
   1.762549694400000E-01   4.535284894600000E-01   9.999842737300000E-01   3.848678027700000E-01   1.511705376000000E-05   1.715240341900000E-06
   1.762542260200000E-01   4.535279756200000E-01   9.999842901800000E-01   3.848690120300000E-01   1.511650339300000E-05   1.715174627000000E-06
   1.762534492100000E-01   4.535274775400000E-01   9.999839644400000E-01   3.848679878300000E-01   1.511598704000000E-05   1.715105971600000E-06
   1.762527154900000E-01   4.535269582000000E-01   9.999831730500000E-01   3.848684170300000E-01   1.511544375300000E-05   1.715041114500000E-06
   1.762519384800000E-01   4.535264597900000E-01   9.999814600400000E-01   3.848650148600000E-01   1.511490809300000E-05   1.714972445400000E-06
   1.762512093100000E-01   4.535259381500000E-01   9.999843026300000E-01   3.848687572000000E-01   1.511434873100000E-05   1.714908005400000E-06
   1.762504346300000E-01   4.535254384500000E-01   9.999841810000000E-01   3.848691575200000E-01   1.511381371100000E-05   1.714839543900000E-06
   1.762500919700000E-01   4.535251666400000E-01   9.999843009900000E-01   3.848690319700000E-01   1.511351629500000E-05   1.714809259800000E-06
   1.762498034300000E-01   4.535249772800000E-01   9.999842990300000E-01   3.848685818800000E-01   1.511332296500000E-05   1.714783758900000E-06
   1.762496331800000E-01   4.535248796400000E-01   9.999833400600000E-01   3.848693315400000E-01   1.511323232100000E-05   1.714768713000000E-06
   1.762493948400000E-01   4.535247241800000E-01   9.999833173800000E-01   3.848667290400000E-01   1.511306705600000E-05   1.714747654700000E-06
   1.762490460500000E-01   4.535244874600000E-01   9.999838934600001E-01   3.848656012600000E-01   1.511281167500000E-05   1.714716827200000E-06
   1.762486695500000E-01   4.535242237300000E-01   9.999837875499999E-01   3.848682011500000E-01   1.511250505400000E-05   1.714683558700000E-06
   1.762484790600000E-01   4.535240929300000E-01   9.999840084600000E-01   3.848693306600000E-01   1.511235646500000E-05   1.714666724700000E-06
   1.762480827400000E-01   4.535238386200000E-01   9.999842933999999E-01   3.848693296100000E-01   1.511209877800000E-05   1.714631706000000E-06
   1.762476537300000E-01   4.535235556400000E-01   9.999838377300000E-01   3.848677571600000E-01   1.511182057400000E-05   1.714593797100000E-06
   1.762472404400000E-01   4.535232649600000E-01   9.999820536100000E-01   3.848674348100000E-01   1.511151761200000E-05   1.714557273700000E-06
   1.762466099800000E-01   4.535228341600000E-01   9.999826135600000E-01   3.848665084500000E-01   1.511106115100000E-05   1.714501564900000E-06
   1.762462678700000E-01   4.535226315900000E-01   9.999842834400000E-01   3.848677381100000E-01   1.511082982300000E-05   1.714471336800000E-06
   1.762458101600000E-01   4.535222987600000E-01   9.999835067100000E-01   3.848686675200000E-01   1.511048909100000E-05   1.714430896600000E-06
   1.762453213000000E-01   4.535219826400000E-01   9.999828983400000E-01   3.848654560400000E-01   1.511015311600000E-05   1.714387700000000E-06
   1.762448373800000E-01   4.535216649500000E-01   9.999841531400000E-01   3.848684322500000E-01   1.510980449800000E-05   1.714344948300000E-06
   1.762441271000000E-01   4.535211807300000E-01   9.999827645800000E-01   3.848663485200000E-01   1.510930021500000E-05   1.714282191100000E-06
   1.762430606600000E-01   4.535204550800000E-01   9.999842556600000E-01   3.848688062100000E-01   1.510851441000000E-05   1.714187971000000E-06
   1.762418731700000E-01   4.535196637600000E-01   9.999843044600000E-01   3.848685744200000E-01   1.510766602900000E-05   1.714083062300000E-06
   1.762406999500000E-01   4.535188655500000E-01   9.999843081599999E-01   3.848687173000000E-01   1.510681883900000E-05   1.713979413100000E-06
   1.762395350800000E-01   4.535180634200000E-01   9.999837018100000E-01   3.848678081600000E-01   1.510598839900000E-05   1.713876514300000E-06
   1.762386304700000E-01   4.535174764600000E-01   9.999839571000000E-01   3.848677555900000E-01   1.510535690700000E-05   1.713796610600000E-06
   1.762382086100000E-01   4.535171679500000E-01   9.999838581100000E-01   3.848693044400000E-01   1.510499695100000E-05   1.713759347100000E-06
   1.762377592900000E-01   4.535168725000000E-01   9.999829763400000E-01   3.848680560700000E-01   1.510472466800000E-05   1.713719661100000E-06
   1.762373001100000E-01   4.535165826400000E-01   9.999839847200001E-01   3.848692569500000E-01   1.510437331700000E-05   1.713679098000000E-06
   1.762368771100000E-01   4.535162742300000E-01   9.999829660100000E-01   3.848689121400000E-01   1.510408902000000E-05   1.713641739000000E-06
   1.762364257900000E-01   4.535159797200000E-01   9.999837943700000E-01   3.848682280900000E-01   1.510377289500000E-05   1.713601872000000E-06
   1.762362017600000E-01   4.535158320300000E-01   9.999826397000000E-01   3.848678848300000E-01   1.510361788800000E-05   1.713582086500000E-06
   1.762359750000000E-01   4.535156857000000E-01   9.999843094999999E-01   3.848691837500000E-01   1.510343931300000E-05   1.713562053600000E-06
   1.762357339000000E-01   4.535155205400000E-01   9.999840865800000E-01   3.848693999600000E-01   1.510324381600000E-05   1.713540767200000E-06
   1.762356182100000E-01   4.535154357200000E-01   9.999840596800000E-01   3.848694021500000E-01   1.510318811000000E-05   1.713530542600000E-06
   1.762355154300000E-01   4.535153452300000E-01   9.999842890500000E-01   3.848694161000000E-01   1.510307657500000E-05   1.713521465900000E-06
   1.762353975200000E-01   4.535152608300000E-01   9.999843011900000E-01   3.848693215300000E-01   1.510299769200000E-05   1.713511058000000E-06
   1.762351902700000E-01   4.535151490100000E-01   9.999842791200000E-01   3.848685040600000E-01   1.510286289200000E-05   1.713492752300000E-06
   1.762351015500000E-01   4.535150735700000E-01   9.999840900600000E-01   3.848677327900000E-01   1.510280840100000E-05   1.713484915600000E-06
   1.762350791300000E-01   4.535150554700000E-01   9.999830391800000E-01   3.848683309700000E-01   1.510279605700000E-05   1.713482933900000E-06
   1.762350431900000E-01   4.535150157000000E-01   9.999841212000000E-01   3.848685096400000E-01   1.510272653200000E-05   1.713479759000000E-06
   1.762349735900000E-01   4.535149863200000E-01   9.999843128500000E-01   3.848693886700000E-01   1.510270850500000E-05   1.713473615600000E-06
   1.762349106400000E-01   4.535149603600000E-01   9.999842889900000E-01   3.848691925400000E-01   1.510268125900000E-05   1.713468053700000E-06
   1.762348895700000E-01   4.535149391800000E-01   9.999839164300000E-01   3.848684941300000E-01   1.510266553000000E-05   1.713466192500000E-06
   1.762348633100000E-01   4.535149222000000E-01   9.999826308300001E-01   3.848684839100000E-01   1.510265254500000E-05   1.713463875000000E-06
   1.762348143100000E-01   4.535148877800000E-01   9.999835541300000E-01   3.848685680200000E-01   1.510261388900000E-05   1.713459543400000E-06
   1.762347616900000E-01   4.535148550700000E-01   9.999843129300000E-01   3.848682359000000E-01   1.510256664300000E-05   1.713454891000000E-06
   1.762347432500000E-01   4.535148421800000E-01   9.999807559000000E-01   3.848691126300000E-01   1.510251641900000E-05   1.713453273300000E-06
   1.762347018600000E-01   4.535148185500000E-01   9.999840425600000E-01   3.848688042100000E-01   1.510253471400000E-05   1.713449611400000E-06
   1.762346571000000E-01   4.535147970800000E-01   9.999837959900000E-01   3.848681315900000E-01   1.510251214000000E-05   1.713445663400000E-06
   1.762346339000000E-01   4.535147870000000E-01   9.999839144100000E-01   3.848688684800000E-01   1.510246693600000E-05   1.713443615200000E-06
   1.762346123200000E-01   4.535147483500000E-01   9.999838910000000E-01   3.848693906400000E-01   1.510242836100000E-05   1.713441707000000E-06
   1.762345460700000E-01   4.535147080800000E-01   9.999826758700000E-01   3.848668448100000E-01   1.510242483100000E-05   1.713435853700000E-06
   1.762344719600000E-01   4.535146452100000E-01   9.999840407800000E-01   3.848690565900000E-01   1.510232036100000E-05   1.713429307500000E-06
   1.762343352300000E-01   4.535145625100000E-01   9.999838221900000E-01   3.848681359900000E-01   1.510226644500000E-05   1.713417233700000E-06
   1.762341336900000E-01   4.535144396900000E-01   9.999842573500000E-01   3.848691294500000E-01   1.510211028800000E-05   1.713399437500000E-06
   1.762339515800000E-01   4.535143064900000E-01   9.999843146700000E-01   3.848694029500000E-01   1.510197835100000E-05   1.713383351200000E-06
   1.762337577400000E-01   4.535141793800000E-01   9.999833222400000E-01   3.848694094300000E-01   1.510186230900000E-05   1.713366233100000E-06
   1.762334793700000E-01   4.535139830400000E-01   9.999840137500000E-01   3.848693790400000E-01   1.510162605100000E-05   1.713341651400000E-06
   1.762331802900000E-01   4.535137964700000E-01   9.999838531100000E-01   3.848693895300000E-01   1.510145137100000E-05   1.713315234300000E-06
   1.762329072400000E-01   4.535135969500000E-01   9.999840014100000E-01   3.848693435600000E-01   1.510120292800000E-05   1.713291124600000E-06
   1.762327568600000E-01   4.535134878400000E-01   9.999843153100000E-01   3.848692516500000E-01   1.510110669100000E-05   1.713277843400000E-06
   1.762324177900000E-01   4.535132868100000E-01   9.999838608800000E-01   3.848694054600000E-01   1.510087060700000E-05   1.713247903000000E-06
   1.762319456900000E-01   4.535129681100000E-01   9.999838392300000E-01   3.848669921500000E-01   1.510056719400000E-05   1.713206211300000E-06
   1.762314849000000E-01   4.535126450900000E-01   9.999842268800000E-01   3.848694070200000E-01   1.510020586200000E-05   1.713165522700000E-06
   1.762310240800000E-01   4.535123221800000E-01   9.999818236800000E-01   3.848674804200000E-01   1.509989058700000E-05   1.713124828800000E-06
   1.762300749700000E-01   4.535116891200000E-01   9.999842147600000E-01   3.848689912300000E-01   1.509919365300000E-05   1.713041018500000E-06
   1.762290464700000E-01   4.535109855300000E-01   9.999842462300000E-01   3.848690863100000E-01   1.509844608100000E-05   1.712950205800000E-06
   1.762280002000000E-01   4.535102904800000E-01   9.999839388700000E-01   3.848688483000000E-01   1.509772651300000E-05   1.712857819600000E-06
   1.762264536400000E-01   4.535092369200000E-01   9.999810412900000E-01   3.848659396000000E-01   1.509661361200000E-05   1.712721275700000E-06
   1.762248746700000E-01   4.535081989700000E-01   9.999837407700000E-01   3.848670439400000E-01   1.509550751500000E-05   1.712581870400000E-06
   1.762233410800000E-01   4.535071388400000E-01   9.999842684500000E-01   3.848671301600000E-01   1.509435609700000E-05   1.712446487700000E-06
   1.762225574100000E-01   4.535066169900000E-01   9.999842339400000E-01   3.848693013700000E-01   1.509380598100000E-05   1.712377310700000E-06
   1.762214050600000E-01   4.535058231400000E-01   9.999825675500000E-01   3.848643843300000E-01   1.509299253700000E-05   1.712275591300000E-06
   1.762196301500000E-01   4.535046545500000E-01   9.999841933000000E-01   3.848679297300000E-01   1.509171754000000E-05   1.712118922400000E-06
   1.762187755800000E-01   4.535040542600000E-01   9.999843178700000E-01   3.848682591900000E-01   1.509109644000000E-05   1.712043498900000E-06
   1.762174514900000E-01   4.535031741400000E-01   9.999836809400000E-01   3.848687075200000E-01   1.509017615400000E-05   1.711926635200000E-06
   1.762167479500000E-01   4.535026782900000E-01   9.999841816500000E-01   3.848694516500000E-01   1.508962647600000E-05   1.711864548700000E-06
   1.762162016600000E-01   4.535023152600000E-01   9.999829963500000E-01   3.848692852400000E-01   1.508920761100000E-05   1.711816333000000E-06
   1.762155976200000E-01   4.535019177500000E-01   9.999830980600000E-01   3.848693988900000E-01   1.508884317100000E-05   1.711763027900000E-06
   1.762150108100000E-01   4.535015117300000E-01   9.999831772500000E-01   3.848654220000000E-01   1.508841615300000E-05   1.711711243900000E-06
   1.762140995100000E-01   4.535009176200000E-01   9.999843187300000E-01   3.848680483800000E-01   1.508776734600000E-05   1.711630824000000E-06
   1.762132235100000E-01   4.535003063500000E-01   9.999824721300000E-01   3.848678882100000E-01   1.508713673700000E-05   1.711553525000000E-06
   1.762122179700000E-01   4.534996541400000E-01   9.999835600900000E-01   3.848683765000000E-01   1.508643586600000E-05   1.711464796600000E-06
   1.762111461500000E-01   4.534989203400000E-01   9.999843253800000E-01   3.848694467300000E-01   1.508564431600000E-05   1.711370227100000E-06
   1.762100752200000E-01   4.534981865600000E-01   9.999841443000000E-01   3.848685511100000E-01   1.508487922200000E-05   1.711275738100000E-06
   1.762088946200000E-01   4.534973806100000E-01   9.999837506500000E-01   3.848676165000000E-01   1.508402896900000E-05   1.711171579500000E-06
   1.762076958100000E-01   4.534965833600000E-01   9.999842160100000E-01   3.848678062500000E-01   1.508315048200000E-05   1.711065812300000E-06
   1.762071007600000E-01   4.534961826600000E-01   9.999841568500000E-01   3.848673068300000E-01   1.508274988300000E-05   1.711013314800000E-06
   1.762065071900000E-01   4.534957812600000E-01   9.999843283700000E-01   3.848684552200000E-01   1.508231436000000E-05   1.710960954400000E-06
   1.762059130300000E-01   4.534953801400000E-01   9.999838414000000E-01   3.848694374100000E-01   1.508186003400000E-05   1.710908540700000E-06
   1.762050413100000E-01   4.534947690600000E-01   9.999816364400000E-01   3.848665859600000E-01   1.508126316700000E-05   1.710831644400000E-06
   1.762048045900000E-01   4.534946250500000E-01   9.999814126800000E-01   3.848651477100000E-01   1.508110589900000E-05   1.710810761600000E-06
   1.762045825400000E-01   4.534944738700000E-01   9.999842119500000E-01   3.848684188800000E-01   1.508092371600000E-05   1.710791177800000E-06
   1.762045435000000E-01   4.534944684400000E-01   9.999843363299999E-01   3.848685175500000E-01   1.508092096900000E-05   1.710787729500000E-06
   1.762045521600000E-01   4.534944434200000E-01   9.999826162600000E-01   3.848674610400000E-01   1.508091762800000E-05   1.710788497200000E-06
   1.762045316900000E-01   4.534944399500000E-01   9.999840421000000E-01   3.848672230600000E-01   1.508090387300000E-05   1.710786687600000E-06
   1.762045339700000E-01   4.534944345700000E-01   9.999842824500000E-01   3.848686610500000E-01   1.508088777100000E-05   1.710786888200000E-06
   1.762044964900000E-01   4.534944291200000E-01   9.999843324400000E-01   3.848687599900000E-01   1.508087766000000E-05   1.710783582100000E-06
   1.762044973700000E-01   4.534944265800000E-01   9.999832699600000E-01   3.848681684900000E-01   1.508089668000000E-05   1.710783662400000E-06
   1.762044925500000E-01   4.534944258900000E-01   9.999830208300000E-01   3.848683907900000E-01   1.508089552600000E-05   1.710783237800000E-06
   1.762044995700000E-01   4.534944087600000E-01   9.999821606900000E-01   3.848638151800000E-01   1.508087875200000E-05   1.710783857200000E-06
   1.762045022500000E-01   4.534944087900000E-01   9.999841653600000E-01   3.848669186900000E-01   1.508084642200000E-05   1.710784093600000E-06
   1.762045022800000E-01   4.534944234500000E-01   9.999831736300000E-01   3.848676489400000E-01   1.508089441400000E-05   1.710784094000000E-06
   1.762045065600000E-01   4.534944239200000E-01   9.999833183200000E-01   3.848659119900000E-01   1.508089447800000E-05   1.710784475300000E-06
   1.762045134700000E-01   4.534944086000000E-01   9.999839696300000E-01   3.848690708900000E-01   1.508084522300000E-05   1.710785086200000E-06
   1.762044511000000E-01   4.534943987500000E-01   9.999842746900000E-01   3.848687226200000E-01   1.508084741400000E-05   1.710779585600000E-06
   1.762044488900000E-01   4.534944006300000E-01   9.999842799200001E-01   3.848686112700000E-01   1.508083830300000E-05   1.710779383800000E-06
   1.762045142800000E-01   4.534944265500000E-01   9.999832393100000E-01   3.848693561900000E-01   1.508089782200000E-05   1.710785155500000E-06
   1.762045140300000E-01   4.534944286400000E-01   9.999839292600000E-01   3.848690553000000E-01   1.508089784700000E-05   1.710785132300000E-06
   1.762045239500000E-01   4.534944306400000E-01   9.999843063400000E-01   3.848694275400000E-01   1.508088164600000E-05   1.710786004000000E-06
   1.762045167100000E-01   4.534944435900000E-01   9.999834494800000E-01   3.848693152800000E-01   1.508091259900000E-05   1.710785368100000E-06
   1.762045992100000E-01   4.534944589900000E-01   9.999839726800001E-01   3.848673881500000E-01   1.508093234000000E-05   1.710792644400000E-06
   1.762045844000000E-01   4.534944868300000E-01   9.999839655600000E-01   3.848694695900000E-01   1.508091468500000E-05   1.710791341700000E-06
   1.762045857300000E-01   4.534944877500000E-01   9.999835742900000E-01   3.848690213000000E-01   1.508095981200000E-05   1.710791456700000E-06
   1.762045981900000E-01   4.534944836000000E-01   9.999843327800000E-01   3.848669339900000E-01   1.508093704500000E-05   1.710792555900000E-06
   1.762045981900000E-01   4.534944836000000E-01   9.999842870800000E-01   3.848693392300000E-01   1.508093310800000E-05   1.710792555900000E-06

   5.000000035800000E-01   5.616069725400000E-01   9.953124511600000E-01   3.747506831100000E-01   4.756376262700000E-03   8.660618406000000E-04
   5.093704714300000E-01   5.633298863300000E-01   9.949674650000000E-01   3.739849183600000E-01   5.101829787200000E-03   9.304192397400000E-04
   5.196898691100000E-01   5.651940447700000E-01   9.945731508600000E-01   3.730976116800000E-01   5.500421386400000E-03   1.004493164600000E-03
   5.310532652600000E-01   5.672096061100000E-01   9.941105005700001E-01   3.720636728200000E-01   5.961971461500000E-03   1.090013136400000E-03
   5.435649154800000E-01   5.693876723000000E-01   9.935713574100000E-01   3.708567143100000E-01   6.498487734300000E-03   1.189073000900000E-03
   5.573387436000000E-01   5.717405100700000E-01   9.929383342800000E-01   3.694371544100000E-01   7.124824085800000E-03   1.304222234000000E-03
   5.724989520900000E-01   5.742818942700000E-01   9.921911259400000E-01   3.677582385400000E-01   7.859242163700000E-03   1.438589093600000E-03
   5.891805451500000E-01   5.770275640400000E-01   9.913063875700000E-01   3.657649588600000E-01   8.724510302700000E-03   1.596048310300000E-03
   6.075296993700000E-01   5.799958094800000E-01   9.902478799200000E-01   3.633864383400000E-01   9.749301277900000E-03   1.781455045900000E-03
   6.277038774100000E-01   5.832081930800000E-01   9.889773425700000E-01   3.605183061800000E-01   1.096979793100000E-02   2.000979609000000E-03
   6.498715397500000E-01   5.866903605800000E-01   9.874305098400000E-01   3.570388866900000E-01   1.243204141700000E-02   2.262598488300000E-03
   6.742112393900000E-01   5.904728255300000E-01   9.855437059700000E-01   3.527872405200000E-01   1.419499735700000E-02   2.576831475100000E-03
   7.009098287800000E-01   5.945914343900000E-01   9.832081623200000E-01   3.475405022800000E-01   1.633453083400000E-02   2.957870058800000E-03
   7.275058147400000E-01   5.986793426700000E-01   9.805704337200000E-01   3.416407819000000E-01   1.869835327900000E-02   3.380549310100000E-03
   7.566140166000000E-01   6.031510738500000E-01   9.772772007000000E-01   3.343227692500000E-01   2.157438661200000E-02   3.900437292600000E-03
   7.884187904400000E-01   6.080443192700000E-01   9.731228175300000E-01   3.251663259300000E-01   2.508923772400000E-02   4.549470999600000E-03
   8.199590251000000E-01   6.129045407900000E-01   9.683420795900000E-01   3.147493640200000E-01   2.898355599000000E-02   5.293379342300000E-03
   8.511969326000000E-01   6.177143287300000E-01   9.628648341000000E-01   3.029808125800000E-01   3.325714214200000E-02   6.148877504800000E-03
   8.821017326200000E-01   6.224472873300000E-01   9.566321539700000E-01   2.897986187000000E-01   3.789392389800000E-02   7.134655690900000E-03
   9.126499475600000E-01   6.270712757300000E-01   9.495807069700000E-01   2.751722088100000E-01   4.286041022000000E-02   8.270732560000001E-03
   9.428256219200000E-01   6.315525185899999E-01   9.416633933600000E-01   2.590990359200000E-01   4.810544237600000E-02   9.577564688300001E-03
   9.726191946200000E-01   6.358596382700000E-01   9.328483968100000E-01   2.416166220900000E-01   5.356150995500000E-02   1.107494886700000E-02
   1.002025098600000E+00   6.399668703200000E-01   9.231036158700000E-01   2.227890927900000E-01   5.914903095600000E-02   1.278080261600000E-02
   1.033920717400000E+00   6.442328510500001E-01   9.112881901700000E-01   2.006282224500000E-01   6.534181673599999E-02   1.491575727900000E-02
   1.065331748400000E+00   6.482224936400000E-01   8.983004185000000E-01   1.770640680100000E-01   7.146353987900000E-02   1.733454728500000E-02
   1.096230252800000E+00   6.519333196000000E-01   8.841082471600000E-01   1.522211457600000E-01   7.738754513500000E-02   2.004225022500000E-02
   1.126567862200000E+00   6.553714409500000E-01   8.686630722200001E-01   1.262014525600000E-01   8.298782767800000E-02   2.303384678100000E-02
   1.156259961600000E+00   6.585476918600000E-01   8.518864905800000E-01   9.907916698400000E-02   8.813762820600000E-02   2.629164364600000E-02
   1.185165824200000E+00   6.614734830300000E-01   8.336507188400000E-01   7.088547654300000E-02   9.270398914000000E-02   2.978170680100000E-02
   1.213055692700000E+00   6.641558904000000E-01   8.137697655300000E-01   4.160938239900000E-02   9.653966675400000E-02   3.344780590500000E-02
   1.239552758900000E+00   6.665912266700000E-01   7.919866725300000E-01   1.120518966200000E-02   9.946976974200000E-02   3.720040846000000E-02
   1.264030022100000E+00   6.687555916700000E-01   7.679773499000000E-01  -2.034992003200000E-02   1.012762853800000E-01   4.089664209600000E-02
   1.285448863300000E+00   6.705913747300000E-01   7.414720174600000E-01  -5.289961379600000E-02   1.016948619000000E-01   4.430819562000000E-02
   1.302249613300000E+00   6.719983614200000E-01   7.126078552200000E-01  -8.573548814199999E-02   1.004790435500000E-01   4.709730259600000E-02
   1.312800814300000E+00   6.728688336000000E-01   6.823693704600000E-01  -1.173626381900000E-01   9.759508390700000E-02   4.889873479000000E-02
   1.315463999900000E+00   6.730870661000000E-01   6.673946029600000E-01  -1.320263781200000E-01   9.564334681200000E-02   4.935942049100000E-02
   1.315867693600000E+00   6.731200952200000E-01   6.637136334500000E-01  -1.355331030900000E-01   9.511629183900000E-02   4.942946213700000E-02
   1.316032694000000E+00   6.731335874000000E-01   6.618777451900000E-01  -1.372679272200000E-01   9.484678852700000E-02   4.945810588300000E-02
   1.316106076500000E+00   6.731395949700000E-01   6.609594594700000E-01  -1.381320455200000E-01   9.471037581800000E-02   4.947084788200000E-02
   1.316122081600000E+00   6.731409024000000E-01   6.607490718200000E-01  -1.383297486500000E-01   9.467896840600000E-02   4.947362723800000E-02
   1.316139161500000E+00   6.731423000100000E-01   6.605193809900000E-01  -1.385453853800000E-01   9.464461877200001E-02   4.947659330600000E-02
   1.316155913800000E+00   6.731436670399999E-01   6.602897310900000E-01  -1.387608469800000E-01   9.461020598300000E-02   4.947950258400000E-02
   1.316172222900000E+00   6.731450022300000E-01   6.600601770000000E-01  -1.389760720300000E-01   9.457574075300000E-02   4.948233499500000E-02
   1.316195993600000E+00   6.731469497000000E-01   6.597155207500000E-01  -1.392989589200000E-01   9.452385279500000E-02   4.948646341500000E-02
   1.316218945600000E+00   6.731488280400000E-01   6.593708927500000E-01  -1.396215222000000E-01   9.447183655999999E-02   4.949044983900000E-02
   1.316230277800000E+00   6.731497477900000E-01   6.591974672499999E-01  -1.397837114000000E-01   9.444561545999999E-02   4.949241813400000E-02
   1.316251987000000E+00   6.731515231400000E-01   6.588527294500000E-01  -1.401058329700000E-01   9.439335483600000E-02   4.949618894800000E-02
   1.316274881100000E+00   6.731533966900000E-01   6.584733820100001E-01  -1.404598762200000E-01   9.433569630499999E-02   4.950016574100000E-02
   1.316285979400000E+00   6.731543025600000E-01   6.582837189000000E-01  -1.406367692000000E-01   9.430678613500000E-02   4.950209362400000E-02
   1.316286488600000E+00   6.731543477000000E-01   6.582741273300000E-01  -1.406457209700000E-01   9.430531317300000E-02   4.950218207500000E-02
   1.316297219400000E+00   6.731552312300000E-01   6.580843868700000E-01  -1.408225390100000E-01   9.427636108600000E-02   4.950404615100000E-02
   1.316302684800000E+00   6.731556664100000E-01   6.579895246000000E-01  -1.409109269800000E-01   9.426187249500000E-02   4.950499559200000E-02
   1.316305246000000E+00   6.731558811300000E-01   6.579421390300000E-01  -1.409551024100000E-01   9.425461712900000E-02   4.950544051000000E-02
   1.316307755700000E+00   6.731560864600000E-01   6.578966109600000E-01  -1.409975196000000E-01   9.424764953299999E-02   4.950587648400000E-02
   1.316308497700000E+00   6.731561403500000E-01   6.578846892200000E-01  -1.410085792900000E-01   9.424584061500001E-02   4.950600538500000E-02
   1.316308589400000E+00   6.731561532100000E-01   6.578817726000000E-01  -1.410113423300000E-01   9.424538371299999E-02   4.950602132600000E-02
   1.316308639500000E+00   6.731561571900000E-01   6.578808658900001E-01  -1.410121513000000E-01   9.424524751299999E-02   4.950603002200000E-02
   1.316308916000000E+00   6.731561773500000E-01   6.578764455100000E-01  -1.410162956800000E-01   9.424456716300000E-02   4.950607805600000E-02
   1.316308824000000E+00   6.731561790900000E-01   6.578758394200001E-01  -1.410168040600000E-01   9.424447790500000E-02   4.950606207000000E-02
   1.316308924500000E+00   6.731561809300000E-01   6.578755640900000E-01  -1.410170848700000E-01   9.424443738900000E-02   4.950607953400000E-02
   1.316308996800000E+00   6.731561826400000E-01   6.578752781300000E-01  -1.410173716900000E-01   9.424439363300000E-02   4.950609209900000E-02
   1.316308956500000E+00   6.731561836900000E-01   6.578749574100000E-01  -1.410176612200000E-01   9.424434193300001E-02   4.950608509600000E-02
   1.316308986300000E+00   6.731561845300000E-01   6.578747795900000E-01  -1.410178138800000E-01   9.424431892500000E-02   4.950609026600000E-02
   1.316308970000000E+00   6.731561847500001E-01   6.578747637600000E-01  -1.410178813300000E-01   9.424429731700000E-02   4.950608742900000E-02
   1.316308957100000E+00   6.731561848399999E-01   6.578747111500000E-01  -1.410179252500000E-01   9.424429576700000E-02   4.950608520100000E-02
   1.316309011700000E+00   6.731561855900000E-01   6.578745780900001E-01  -1.410180144500000E-01   9.424428640300000E-02   4.950609468200000E-02
   1.316308823800000E+00   6.731561850500000E-01   6.578744409700000E-01  -1.410181481300000E-01   9.424425413600000E-02   4.950606204800000E-02
   1.316308897300000E+00   6.731561858000000E-01   6.578743459100000E-01  -1.410182100300000E-01   9.424424627100000E-02   4.950607481200000E-02
   1.316308901100000E+00   6.731561858300000E-01   6.578743690000000E-01  -1.410182336900000E-01   9.424424649599999E-02   4.950607546800000E-02
   1.316309042900000E+00   6.731561856400000E-01   6.578746280700000E-01  -1.410179849600000E-01   9.424429261599999E-02   4.950610009400000E-02
   1.316309029600000E+00   6.731561855400000E-01   6.578746006000000E-01  -1.410179780300000E-01   9.424429386100000E-02   4.950609778500000E-02
   1.316309009200000E+00   6.731561855200000E-01   6.578745856900000E-01  -1.410180041600000E-01   9.424428818900001E-02   4.950609424400000E-02
   1.316309009200000E+00   6.731561855200000E-01   6.578745782200000E-01  -1.410180004300000E-01   9.424428875099999E-02   4.950609424400000E-02

