   2.909205576500000E-14   2.404934960100000E-01   9.999788979300001E-01   3.848950125900000E-01   1.681971681000000E-11   1.100000052300000E+00
   2.678526640100000E-14   2.402944262100000E-01   9.999902611800000E-01   3.848983339900000E-01   1.675287256200000E-11   1.090022119900000E+00
   3.538270981500000E-14   2.400983293300000E-01   9.999923601000000E-01   3.848734059200000E-01   4.347521117700000E-11   1.080043762400000E+00
   4.183697608900000E-14   2.399051605200000E-01   9.999985479400000E-01   3.848953442800000E-01   3.930373321600000E-11   1.070064995200000E+00
   2.213404017200000E-14   2.397148754400000E-01   9.999940400100000E-01   3.848999359700000E-01   3.196549351800000E-11   1.060085830200000E+00
   3.300678239400000E-14   2.395274312400000E-01   9.999754087700000E-01   3.848755809600000E-01   3.619259648800000E-11   1.050106278600000E+00
   2.755501864800000E-14   2.393427862500000E-01   9.999589557500000E-01   3.848813182700000E-01   3.292089417000000E-11   1.040126351500000E+00
   2.514693955400000E-14   2.391608999700000E-01   9.999926040700000E-01   3.848778166400000E-01   3.413539144600000E-11   1.030146059400000E+00
   8.197024113400000E-16   2.389817330000000E-01   9.999983997500000E-01   3.848978825300000E-01   4.009342799400000E-11   1.020165412500000E+00
  -3.698602739900000E-14   2.388052470200000E-01   9.999594815000000E-01   3.848876198200000E-01   5.568781033100000E-11   1.010184420800000E+00
   1.328285010700000E-14   2.386314047600000E-01   9.999932813700000E-01   3.848967176500000E-01   4.621436320800000E-11   1.000203093800000E+00
   1.237681723300000E-14   2.384601699400000E-01   9.999909144700000E-01   3.848986547800000E-01   4.872340096700000E-11   9.902214406099999E-01
   1.736768869400000E-14   2.382915072500000E-01   9.999951100100000E-01   3.848963878600000E-01   4.850900694000000E-11   9.802394702000000E-01
   1.428786411900000E-14   2.381253823400000E-01   9.999999351600000E-01   3.849001356500000E-01   5.417365995300000E-11   9.702571911700000E-01
   1.816499033200000E-14   2.379617617600000E-01   9.999938253600000E-01   3.848990730600000E-01   5.537782847500000E-11   9.602746118500000E-01
   1.807614577800000E-14   2.378006129300000E-01   9.999958018800000E-01   3.848990302400000E-01   6.490877516299999E-11   9.502917403000000E-01
   8.818227476500000E-15   2.376419041300000E-01   9.999982686900000E-01   3.848983698800000E-01   9.779053102600000E-11   9.403085843100000E-01
   2.509998598600000E-14   2.374856044900000E-01   9.999556026100000E-01   3.848975906200000E-01   7.096860507300000E-11   9.303251514500001E-01
   2.158464172200000E-14   2.373316839100000E-01   9.999888457500000E-01   3.848992063000000E-01   6.998496602400000E-11   9.203414490300000E-01
   3.466324854200000E-14   2.371801130800000E-01   9.999910731700000E-01   3.848905080700000E-01   5.061602695500000E-11   9.103574841299999E-01
   3.234930752100000E-14   2.370308634400000E-01   9.999752729900000E-01   3.848991710100000E-01   4.804155880500000E-11   9.003732636400000E-01
   4.048978659700000E-14   2.368839071600000E-01   9.999947326900001E-01   3.848998621700000E-01   4.315024268300000E-11   8.903887942099999E-01
   3.878963944500000E-14   2.367392171300000E-01   9.999945466600000E-01   3.848986390500000E-01   4.429371342800000E-11   8.804040823100000E-01
   4.019006374500000E-14   2.365967669100000E-01   9.999882786099999E-01   3.848984723500000E-01   4.194162408800000E-11   8.704191341900001E-01
   4.808611504100000E-14   2.364565307500000E-01   9.999968033900000E-01   3.848967661200000E-01   3.810866680500000E-11   8.604339559500001E-01
   4.768114124900000E-14   2.363184835300000E-01   9.999961535600000E-01   3.848991002600000E-01   3.820736011800000E-11   8.504485535000000E-01
   4.445145981400000E-14   2.361826007600000E-01   9.999949193000000E-01   3.848989992600000E-01   3.805022924100000E-11   8.404629325500000E-01
   4.657752541800000E-14   2.360488585800000E-01   9.999881431800000E-01   3.848993889400000E-01   3.473578042000000E-11   8.304770986900000E-01
   4.771743841700000E-14   2.359172337200000E-01   9.999821576800000E-01   3.848912287500000E-01   3.646141210700000E-11   8.204910573300001E-01
   4.676599350900000E-14   2.357877034700000E-01   9.999649394600000E-01   3.848994734400000E-01   3.887274406200000E-11   8.105048137200001E-01
   4.962976275900000E-14   2.356602457100000E-01   9.999969778800000E-01   3.849001270500000E-01   4.313269803800000E-11   8.005183729699999E-01
   5.314456469000000E-14   2.355348388500000E-01   9.999957350399999E-01   3.848938810400000E-01   4.636392531700000E-11   7.905317400700000E-01
   8.352463540400000E-14   2.354114618400000E-01   9.999715133500000E-01   3.848923360700000E-01   5.364907847100000E-11   7.805449198300000E-01
   2.241732025500000E-14   2.352900941500000E-01   9.999703161400000E-01   3.848991805000000E-01   5.802059000200000E-11   7.705579169900000E-01
   8.022648385200001E-15   2.351707157500000E-01   9.999699035300000E-01   3.848991272900000E-01   5.777355468000000E-11   7.605707361000000E-01
   7.239000934500000E-15   2.350533071100000E-01   9.999695353300000E-01   3.848972989700000E-01   4.802519582500000E-11   7.505833816400000E-01
   1.103716919600000E-14   2.349378491800000E-01   9.999883154200000E-01   3.849000566500000E-01   4.598168092900000E-11   7.405958579300000E-01
   5.291200810000000E-15   2.348243233800000E-01   9.999933122200000E-01   3.848998321600000E-01   4.822013037200000E-11   7.306081692300000E-01
   1.788022279900000E-14   2.347127115700000E-01   9.999999827600000E-01   3.848977585900000E-01   5.039560511200000E-11   7.206203196300000E-01
   1.567988978000000E-14   2.346029960600000E-01   9.999999840400000E-01   3.848956209500000E-01   4.681130977200000E-11   7.106323131800000E-01
   1.042130351300000E-15   2.344951596200000E-01   9.999999013799999E-01   3.848914781500000E-01   8.702554448300000E-11   7.006441537700000E-01
   2.443152324900000E-14   2.343891854000000E-01   9.999865078500000E-01   3.848600168600000E-01   4.889306477400000E-11   6.906558452300000E-01
   2.444082723600000E-15   2.342850570000000E-01   9.999999622700000E-01   3.848976909600000E-01   7.584772096600001E-11   6.806673913000000E-01
   1.974568331200000E-14   2.341827584100000E-01   9.999826912100001E-01   3.848919536800000E-01   4.368609641300000E-11   6.706787955900000E-01
   2.268320313500000E-14   2.340822740000000E-01   9.999764311900000E-01   3.848760392900000E-01   3.665117897500000E-11   6.606900616700000E-01
   2.600826469400000E-14   2.339835885500000E-01   9.999663958600000E-01   3.848793925300000E-01   3.694918863900000E-11   6.507011930000000E-01
   2.249246390800000E-14   2.338866872000000E-01   9.999571015299999E-01   3.848844906700000E-01   3.839966039700000E-11   6.407121929600000E-01
   1.845677238100000E-14   2.337915554700000E-01   9.999820021500000E-01   3.848996947800000E-01   4.112958694400000E-11   6.307230648600000E-01
   1.435218236900000E-14   2.336981792100000E-01   9.999980002000000E-01   3.848891394400000E-01   4.595161925200000E-11   6.207338119300000E-01
   4.348801459100000E-15   2.336065446600000E-01   9.999892237100000E-01   3.848642717100000E-01   5.515276038600000E-11   6.107444373299999E-01
  -6.092354977200000E-16   2.335166383700000E-01   9.999938754700000E-01   3.848800059000000E-01   6.699214542400000E-11   6.007549441400000E-01
   1.044695722100000E-15   2.334284472600000E-01   9.999968163200000E-01   3.848867697300000E-01   6.827945296600000E-11   5.907653353900000E-01
   8.666062788200001E-15   2.333419585500000E-01   9.999984784700000E-01   3.848931228900000E-01   5.265057463000000E-11   5.807756140300000E-01
   9.507897921399999E-15   2.332571598000000E-01   9.999999037700000E-01   3.848991222300000E-01   5.019476550200000E-11   5.707857829500000E-01
   1.359767692200000E-14   2.331740388800000E-01   9.999698430600000E-01   3.848998508800000E-01   4.456807893500000E-11   5.607958449800000E-01
   1.043341711400000E-14   2.330925839600000E-01   9.999989473300001E-01   3.848947903900000E-01   4.461299176100000E-11   5.508058028800000E-01
   7.788606263800001E-15   2.330127835200000E-01   9.999822827000000E-01   3.848996150900000E-01   3.893433282700000E-11   5.408156593800000E-01
   7.308681205200001E-15   2.329346263500000E-01   9.999586933600000E-01   3.848966127600000E-01   3.638068422600000E-11   5.308254171400000E-01
  -2.975364033800000E-15   2.328581015200000E-01   9.999998922200000E-01   3.848926633900000E-01   3.805574710200000E-11   5.208350787500000E-01
  -6.155969673400000E-15   2.327831983800000E-01   9.999988403300000E-01   3.848991610800000E-01   4.467194692600000E-11   5.108446467800000E-01
  -2.166708942000000E-14   2.327099065600000E-01   9.999883057500000E-01   3.848731077100000E-01   5.439409533200000E-11   5.008541237300000E-01
   4.124466439700000E-15   2.327037150900000E-01   9.999756508099999E-01   3.848993983900000E-01   4.850376861700000E-11   5.000000036000000E-01
  -3.145247725100000E-15   2.326321609600000E-01   9.999976390999999E-01   3.848887355000000E-01   4.439139892500000E-11   4.900093852600000E-01
   3.860687244400000E-15   2.325621974100000E-01   9.999929077200000E-01   3.848998251300000E-01   5.228614371200000E-11   4.800186801100000E-01
   1.787344131600000E-14   2.324938149200000E-01   9.999939318400000E-01   3.848981396700000E-01   6.099127115500000E-11   4.700278913100000E-01
   2.541610347400000E-14   2.324270042300000E-01   9.999914788900000E-01   3.848822683100000E-01   7.933549794800000E-11   4.600370211800000E-01
   1.728669800200000E-14   2.323617563100000E-01   9.999832227900000E-01   3.848897305700000E-01   4.775169258600000E-11   4.500460720100000E-01
  -2.863819389100000E-15   2.322980624100000E-01   9.999949505300000E-01   3.848998548400000E-01   6.701538317200000E-11   4.400550460200000E-01
   6.189629645300000E-15   2.322359140000000E-01   9.999647694800000E-01   3.848832490700000E-01   5.139159016000000E-11   4.300639454200000E-01
  -2.753510409300000E-15   2.321753028100000E-01   9.999733498800000E-01   3.848968799900000E-01   4.738894837600000E-11   4.200727723800000E-01
   3.708299357700000E-15   2.321162208100000E-01   9.999795163300000E-01   3.848609009000000E-01   4.446905236600000E-11   4.100815290200000E-01
  -1.085409179000000E-15   2.320586601900000E-01   9.999768369199999E-01   3.848779251400000E-01   4.271959208500000E-11   4.000902174200000E-01
  -1.633700436500000E-15   2.320026134000000E-01   9.999556534800000E-01   3.848845499300000E-01   4.087575406400000E-11   3.900988396600000E-01
  -2.084582653400000E-15   2.319480730800000E-01   9.999850332100000E-01   3.848657448700000E-01   3.845056370200000E-11   3.801073977600000E-01
  -4.738134668700000E-15   2.318950321300000E-01   9.999565085000000E-01   3.848899606600000E-01   3.667061245400000E-11   3.701158937000000E-01
  -5.367331637300000E-15   2.318434836500000E-01   9.999737786900000E-01   3.848802593900000E-01   3.759145792500000E-11   3.601243294700000E-01
  -7.339396825400000E-15   2.317934209700000E-01   9.999698722700000E-01   3.848800047800000E-01   3.919128607600000E-11   3.501327069900000E-01
  -9.446054570000000E-15   2.317448376200000E-01   9.999581827100000E-01   3.848923709000000E-01   4.123963198700000E-11   3.401410281800000E-01
  -1.328223160500000E-14   2.316977273600000E-01   9.999551131800000E-01   3.848980364100000E-01   4.467625349400000E-11   3.301492949200000E-01
  -1.565110867200000E-14   2.316520841500000E-01   9.999699331700000E-01   3.848974073600000E-01   4.667769658000000E-11   3.201575090700000E-01
  -1.761084469100000E-14   2.316079021600000E-01   9.999585282300000E-01   3.848988912300000E-01   4.932796654100000E-11   3.101656724600000E-01
  -2.932069095000000E-14   2.315651757600000E-01   9.999634942900000E-01   3.848811048200000E-01   5.617826351100000E-11   3.001737868900000E-01
  -1.725245954600000E-14   2.315238995200000E-01   9.999998749000000E-01   3.849000682800000E-01   5.304652648100000E-11   2.901818541700000E-01
  -2.373555903300000E-14   2.314840682300000E-01   9.999738684400000E-01   3.848923994000000E-01   5.225187853800000E-11   2.801898760400000E-01
  -6.192578866000000E-14   2.314456768500000E-01   9.999584820600000E-01   3.848789480500000E-01   7.011623892000000E-11   2.701978542600000E-01
  -3.435939790000000E-14   2.314087205500000E-01   9.999744353000000E-01   3.848946936900000E-01   7.760503282500000E-11   2.602057905600000E-01
  -2.836169581900000E-14   2.313731947000000E-01   9.999707325000000E-01   3.848998759600000E-01   5.839670590599999E-11   2.502136866200000E-01
  -3.554884648300000E-14   2.313390948300000E-01   9.999919907700000E-01   3.848916165100000E-01   4.856475468500000E-11   2.402215441600000E-01
   1.046526578400000E-14   2.313064166900000E-01   9.999997571200000E-01   3.848956856400000E-01   4.233857107100000E-11   2.302293648200000E-01
  -2.748204710500000E-14   2.312751562000000E-01   9.999931760400000E-01   3.848756529500000E-01   4.023521642200000E-11   2.202371502800000E-01
  -1.094120847400000E-14   2.312453094800000E-01   9.999571311300000E-01   3.848926514200000E-01   3.566597373000000E-11   2.102449021600000E-01
  -1.121125651400000E-14   2.312168728300000E-01   9.999577725600000E-01   3.848824548400000E-01   3.780704761800000E-11   2.002526220800000E-01
   5.426913730300000E-15   2.311898427100000E-01   9.999955317600000E-01   3.848907314200000E-01   3.506646455700000E-11   1.902603116600000E-01
  -1.174978667900000E-14   2.311642157900000E-01   9.999766831100000E-01   3.848903912400000E-01   3.586378046100000E-11   1.802679725000000E-01
  -1.334957045300000E-14   2.311399889100000E-01   9.999875782800000E-01   3.848745000800000E-01   4.018659107200000E-11   1.702756061600000E-01
   2.491296053700000E-15   2.311171590900000E-01   9.999991931000000E-01   3.849001751800000E-01   3.854207518300000E-11   1.602832142300000E-01
  -1.626970054300000E-14   2.310957235000000E-01   9.999673898400000E-01   3.848596227800000E-01   3.990078406900000E-11   1.502907982700000E-01
  -2.326798835700000E-14   2.310756795300000E-01   9.999779435000000E-01   3.848650642000000E-01   4.786459343000000E-11   1.402983598100000E-01
  -2.531460881300000E-14   2.310570247200000E-01   9.999738911000000E-01   3.848704183100000E-01   4.912532995900000E-11   1.303059004100000E-01
  -3.419520300500000E-14   2.310397567700000E-01   9.999749753600000E-01   3.848622137000000E-01   5.459272382000000E-11   1.203134215900000E-01
  -4.160039123200000E-14   2.310238735800000E-01   9.999763478600000E-01   3.848755401200000E-01   6.401372833600000E-11   1.103209248700000E-01
  -8.345697061600001E-14   2.310093732100000E-01   9.999693942600000E-01   3.848999089600000E-01   9.483737630400001E-11   1.003284117700000E-01
  -4.357238181000000E-14   2.309962538900000E-01   9.999701205700000E-01   3.848892510600000E-01   7.520342835000001E-11   9.033588378800000E-02
  -3.938258029000000E-14   2.309845140200000E-01   9.999643865000000E-01   3.849001786200000E-01   5.456163167200000E-11   8.034334242799999E-02
  -2.929917461400000E-14   2.309741521700000E-01   9.999517979700000E-01   3.848992052600000E-01   4.333635648100000E-11   7.035078918700000E-02
  -3.030829805300000E-14   2.309651670700000E-01   9.999804261800000E-01   3.848986333800000E-01   4.176681473600000E-11   6.035822555100000E-02
  -3.047361364800000E-14   2.309575576500000E-01   9.999505973000000E-01   3.848988331400000E-01   3.922154997000000E-11   5.036565300700000E-02
  -3.302413899200000E-14   2.309513229600000E-01   9.999469740700000E-01   3.848929618000000E-01   3.865656128300000E-11   4.037307303400000E-02
  -3.930796527700000E-14   2.309464622500000E-01   9.999728599600000E-01   3.848716492100000E-01   3.561695466900000E-11   3.038048711100000E-02
  -2.802564598100000E-14   2.309429749400000E-01   9.999447343200000E-01   3.848998594700000E-01   3.687790325500000E-11   2.038789671100000E-02
  -3.454366685800000E-14   2.309408606000000E-01   9.999999834800000E-01   3.848919403000000E-01   4.303785320400000E-11   1.039530330800000E-02
  -3.061697490600000E-14   2.309401189700000E-01   9.999915292600000E-01   3.848945655100000E-01   3.279026270800000E-11   4.027083760400000E-04
  -3.277747117500000E-14   2.309407499600000E-01   9.999986421700000E-01   3.849001219900000E-01   3.273206231500000E-11  -9.589886616399999E-03
  -3.123400678800000E-14   2.309427536600000E-01   9.999875360900000E-01   3.848944525800000E-01   3.537565243900000E-11  -1.958248019500000E-02
  -3.116307866500000E-14   2.309461302900000E-01   9.999977674500000E-01   3.848997962200000E-01   3.791705465500000E-11  -2.957507089100000E-02
  -3.987991513700000E-14   2.309508802800000E-01   9.999955864000000E-01   3.848966369800000E-01   4.145017751600000E-11  -3.956765723000000E-02
  -4.847512484300000E-14   2.309570042000000E-01   9.999984661400000E-01   3.849000446500000E-01   4.416909512800000E-11  -4.956023773600000E-02
  -5.895481412200000E-14   2.309645027900000E-01   9.999953157100000E-01   3.848918160800000E-01   4.665088130600000E-11  -5.955281093400000E-02
  -4.531091139700000E-14   2.309733769600000E-01   9.999959624300000E-01   3.848846877100000E-01   4.991820166300000E-11  -6.954537534100000E-02
  -4.446881076300000E-14   2.309836278000000E-01   9.999963503900000E-01   3.848607566300000E-01   5.785965084500000E-11  -7.953792947400000E-02
  -4.178806338200000E-14   2.309952565500000E-01   9.999975599000001E-01   3.848621898000000E-01   7.990696453000001E-11  -8.953047184300000E-02
  -2.330566158800000E-14   2.310082646300000E-01   9.999994570700000E-01   3.848744099300000E-01   4.746719864900000E-11  -9.952300095600000E-02
   6.554880187800000E-15   2.310226536200000E-01   9.999800844000000E-01   3.848999532300000E-01   4.610628332400000E-11  -1.095155153200000E-01
  -2.087996290700000E-15   2.310384252800000E-01   9.999823961400000E-01   3.848861494100000E-01   3.037169604000000E-11  -1.195080134100000E-01
  -1.517687030800000E-14   2.310555815400000E-01   9.999594029200000E-01   3.848945449700000E-01   3.589135775800000E-11  -1.295004937200000E-01
  -1.775731571400000E-14   2.310741244900000E-01   9.999812898500000E-01   3.848998266100000E-01   3.286915590200000E-11  -1.394929547500000E-01
  -1.603776490200000E-14   2.310940564000000E-01   9.999693192200000E-01   3.848894034900000E-01   3.350663571900000E-11  -1.494853949400000E-01
  -2.102429731200000E-14   2.311153797300000E-01   9.999821932400000E-01   3.848924097900000E-01   3.117839485300000E-11  -1.594778127700000E-01
  -1.848114712500000E-14   2.311380970700000E-01   9.999915583800000E-01   3.848910836700000E-01   3.218370438900000E-11  -1.694702066900000E-01
  -2.191012359000000E-14   2.311622112400000E-01   9.999966109900000E-01   3.848922274700000E-01   3.077268705600000E-11  -1.794625751400000E-01
  -1.624951661900000E-14   2.311877252000000E-01   9.999887844999999E-01   3.848704703800000E-01   3.080784365000000E-11  -1.894549165600000E-01
  -2.572129436200000E-14   2.312146420900000E-01   9.999902574700000E-01   3.848950893500000E-01   2.914170626800000E-11  -1.994472293500000E-01
  -2.687584763800000E-14   2.312429652500000E-01   9.999961711299999E-01   3.848784540500000E-01   2.977359576200000E-11  -2.094395119200000E-01
  -1.736274291000000E-14   2.312726981800000E-01   9.999964540000000E-01   3.848677264100000E-01   2.966356704400000E-11  -2.194317626700000E-01
  -2.273070213100000E-14   2.313038445700000E-01   9.999952124500000E-01   3.848600335000000E-01   2.810161558900000E-11  -2.294239799800000E-01
  -1.953092406000000E-14   2.313364083000000E-01   9.999832658000000E-01   3.848793956300000E-01   3.347044912800000E-11  -2.394161622100000E-01
   8.042271103700000E-16   2.313703934200000E-01   9.999999950500000E-01   3.848958933800000E-01   2.818357576900000E-11  -2.494083077000000E-01
  -1.521478373800000E-14   2.314058041800000E-01   9.999876290700001E-01   3.848588258100000E-01   2.892222462400000E-11  -2.594004148000000E-01
  -2.183437249900000E-14   2.314426450200000E-01   9.999979131100000E-01   3.848856744100000E-01   3.081740965600000E-11  -2.693924818000000E-01
  -2.077046840700000E-14   2.314809205500000E-01   9.999576600300000E-01   3.848999243700000E-01   3.223268893900000E-11  -2.793845070200000E-01
  -2.737159145900000E-14   2.315206356000000E-01   9.999663308300000E-01   3.848684698300000E-01   3.184406370100000E-11  -2.893764887200000E-01
  -1.819610694400000E-14   2.315617951700000E-01   9.999546686100000E-01   3.848662144300000E-01   3.254131293600000E-11  -2.993684251600000E-01
  -4.933404371400000E-14   2.316044044900000E-01   9.999732279400000E-01   3.848242333900000E-01   3.606533010400000E-11  -3.093603145900000E-01
  -1.538285283300000E-14   2.316484689500000E-01   9.999558990900000E-01   3.848537655200000E-01   3.627115290100000E-11  -3.193521552000000E-01
  -2.485344259900000E-14   2.316939941800000E-01   9.999988172399999E-01   3.848905136200000E-01   3.905155790900000E-11  -3.293439452100000E-01
  -2.819279883600000E-14   2.317409859700000E-01   9.999999661000000E-01   3.849001119100000E-01   6.214265240600000E-11  -3.393356827700000E-01
  -1.858028877500000E-14   2.317894503600000E-01   9.999999655000000E-01   3.848971779500000E-01   6.347005868500000E-11  -3.493273660300000E-01
  -2.338315490600000E-14   2.318393935700000E-01   9.999973917500000E-01   3.849001243700000E-01   6.122733428200000E-11  -3.593189931100000E-01
  -1.708115307500000E-14   2.318908220500000E-01   9.999966753100000E-01   3.849000826900000E-01   4.458614145400000E-11  -3.693105621000000E-01
  -1.211994253500000E-14   2.319437424500000E-01   9.999976278200000E-01   3.848998602000000E-01   4.376921305100000E-11  -3.793020710600000E-01
  -1.462779854200000E-14   2.319981616500000E-01   9.999997936500000E-01   3.848990021700000E-01   3.964693183400000E-11  -3.892935180400000E-01
  -1.680588531300000E-14   2.320540867500000E-01   9.999998275700001E-01   3.849001794600000E-01   3.510556638800000E-11  -3.992849010400000E-01
  -6.524860569700000E-15   2.321115250800000E-01   9.999999199000000E-01   3.848996995000000E-01   3.493767279600000E-11  -4.092762180300000E-01
  -2.459017104300000E-14   2.321704841600000E-01   9.999969035200000E-01   3.848864865300000E-01   3.325339125500000E-11  -4.192674669600000E-01
  -3.210731196300000E-14   2.322309718000000E-01   9.999999995800000E-01   3.848797918200000E-01   3.446179638700000E-11  -4.292586457400000E-01
  -2.819339768000000E-14   2.322929960100000E-01   9.999963989900000E-01   3.848699394000000E-01   3.247363370100000E-11  -4.392497522500000E-01
  -4.067354602800000E-14   2.323565650300000E-01   9.999897102000000E-01   3.848726716200000E-01   3.109543994000000E-11  -4.492407843100000E-01
  -4.150230301000000E-14   2.324216873700000E-01   9.999984046600000E-01   3.848643683800000E-01   3.004040115900000E-11  -4.592317397500000E-01
  -3.999521974500000E-14   2.324883717700000E-01   9.999813920300000E-01   3.848503520800000E-01   2.825130358100000E-11  -4.692226163200000E-01
  -4.142739250500000E-14   2.325566272300000E-01   9.999854888800001E-01   3.848509251000000E-01   2.783646685000000E-11  -4.792134117500000E-01
  -2.813854023000000E-14   2.326264629900000E-01   9.999997786300000E-01   3.848915061000000E-01   2.718158539900000E-11  -4.892041237100000E-01
  -1.467032213200000E-14   2.326978885700000E-01   9.999768676600000E-01   3.848537533400000E-01   2.551309910000000E-11  -4.991947498600000E-01
  -1.824805066100000E-14   2.327037150900000E-01   9.999816936500000E-01   3.848960287000000E-01   2.537497543300000E-11  -5.000000031300000E-01

