  -2.348080697800000E+00   1.662732939000000E-01   1.061493326200000E+00   4.176305074600000E-01   3.606196723200000E-05  -7.600000004800000E-02
  -2.347981559800000E+00   1.662691083900000E-01   1.061493823900000E+00   4.176316627100000E-01  -1.421448182400000E-06  -7.600326242700001E-02
  -2.347830637800000E+00   1.662627489000000E-01   1.061484799200000E+00   4.176240731500000E-01  -1.418395625300000E-06  -7.600822767800000E-02
  -2.347607572600000E+00   1.662533557200000E-01   1.061493677800000E+00   4.176346637800000E-01  -1.402657131700000E-06  -7.601556487800000E-02
  -2.347272968600000E+00   1.662392796300000E-01   1.061503383700000E+00   4.176327194700000E-01  -1.386673844100000E-06  -7.602656747000000E-02
  -2.346771048800000E+00   1.662181961600000E-01   1.061502165600000E+00   4.176382182100000E-01  -1.356383331300000E-06  -7.604306413299999E-02
  -2.346018138200000E+00   1.661866396600000E-01   1.061495421300000E+00   4.176458428300000E-01  -1.313541430400000E-06  -7.606779284200001E-02
  -2.344888703300000E+00   1.661394585500000E-01   1.061487653300000E+00   4.176534561600000E-01  -1.250803746600000E-06  -7.610484917900000E-02
  -2.343194398000000E+00   1.660690293900000E-01   1.061494130800000E+00   4.176641759700000E-01  -1.162390148100000E-06  -7.616035077500000E-02
  -2.340652603400000E+00   1.659641457200000E-01   1.061510507400000E+00   4.176832632400000E-01  -1.042751710400000E-06  -7.624341576900000E-02
  -2.336839177400000E+00   1.658084957300000E-01   1.061506829300000E+00   4.177088470500000E-01  -8.918015470600000E-07  -7.636758909200000E-02
  -2.331117461500000E+00   1.655786786600000E-01   1.061534833400000E+00   4.177448192900000E-01  -7.041628341200000E-07  -7.655288772400000E-02
  -2.322531573900000E+00   1.652418282300000E-01   1.061550540000000E+00   4.178086896600000E-01  -4.964340780600000E-07  -7.682865523300000E-02
  -2.309645988200000E+00   1.647531770800000E-01   1.061584555300000E+00   4.178905140700000E-01  -2.928870888300000E-07  -7.723736402400000E-02
  -2.295463695700000E+00   1.642369362500000E-01   1.061609703700000E+00   4.179932625400000E-01  -1.668415651400000E-07  -7.768005822400000E-02
  -2.279854755800000E+00   1.636925835400000E-01   1.061633567600000E+00   4.180942280900000E-01  -8.910228476700000E-08  -7.815867812200000E-02
  -2.262676165500000E+00   1.631196877400000E-01   1.061656091500000E+00   4.182097209800000E-01  -4.654937076600000E-08  -7.867508490700000E-02
  -2.243770645200000E+00   1.625179205200000E-01   1.061677524300000E+00   4.183336402400000E-01  -2.265437290500000E-08  -7.923099585000000E-02
  -2.222965213300000E+00   1.618870652400000E-01   1.061691239800000E+00   4.184715580800000E-01  -1.078721883700000E-08  -7.982790848800000E-02
  -2.216864949000000E+00   1.617078566700000E-01   1.061696220600000E+00   4.185099519500000E-01  -8.391689997600000E-09  -8.000000012200000E-02
  -2.182515034800000E+00   1.607429682100000E-01   1.061713328700000E+00   4.187239823400000E-01  -2.540117875100000E-09  -8.094455926300000E-02
  -2.144709360700000E+00   1.597583051900000E-01   1.061701943800000E+00   4.189522908100000E-01  -7.428944808600000E-10  -8.193686744100000E-02
  -2.103104512000000E+00   1.587546788300000E-01   1.061691180100000E+00   4.192008943000000E-01  -2.304621284000000E-10  -8.297297911500000E-02
  -2.057321383300000E+00   1.577330485200000E-01   1.061644712400000E+00   4.194599216900000E-01  -7.772608667800000E-11  -8.404722207400001E-02
  -2.014088704600000E+00   1.568369141500000E-01   1.061566253100000E+00   4.196964631900000E-01  -3.496796019900000E-11  -8.500000026399999E-02
  -1.938498554000000E+00   1.554053223300000E-01   1.061425720200000E+00   4.200887744000000E-01  -7.237841187900000E-12  -8.652728170700000E-02
  -1.855319510200000E+00   1.539954047400000E-01   1.061189196500000E+00   4.204880615300000E-01   4.346893090100000E-12  -8.801338684899999E-02
  -1.763798361700000E+00   1.526075274500000E-01   1.060860183200000E+00   4.208976263300000E-01   1.614159043600000E-11  -8.942668321800000E-02
  -1.663884865700000E+00   1.512533826200000E-01   1.060437559400000E+00   4.213134311600000E-01   9.460096905699999E-11  -9.072154750100000E-02
  -1.563955034100000E+00   1.500394464500000E-01   1.059956411600000E+00   4.216888692200000E-01   4.221518484200000E-10  -9.177617831300000E-02
  -1.464013023000000E+00   1.489448979800000E-01   1.059395966600000E+00   4.220242076000000E-01   8.230808591400000E-10  -9.260865463700001E-02
  -1.364061705300000E+00   1.479541208800000E-01   1.058807797300000E+00   4.223388625300000E-01   1.720683211300000E-09  -9.323621460800000E-02
  -1.264103227100000E+00   1.470551566700000E-01   1.058164159800000E+00   4.226232633900000E-01   9.140246859400001E-09  -9.367520887200000E-02
  -1.164139220300000E+00   1.462386954200000E-01   1.057497563600000E+00   4.228643500700000E-01   1.591822395100000E-08  -9.394107952899999E-02
  -1.064170944600000E+00   1.454973954000000E-01   1.056790557500000E+00   4.231053764700000E-01   1.877234353100000E-08  -9.404835540700000E-02
  -9.641993826700000E-01   1.448254115900000E-01   1.056064659100000E+00   4.233039341100000E-01   1.236448309500000E-08  -9.401065939300000E-02
  -8.642253092300000E-01   1.442180616000000E-01   1.055315800200000E+00   4.234976763100000E-01   3.943027087100000E-09  -9.384072472000000E-02
  -8.000001166700000E-01   1.438602123900000E-01   1.054823264400000E+00   4.236072831900000E-01   2.759582838500000E-09  -9.366734417500000E-02

