  -1.710431792700000E+00   3.515258176200000E-01   1.060624679300000E+00   4.211169964300000E-01  -8.423489483800000E-04  -9.015289223600000E-02
  -1.710431792700000E+00   3.515258176300000E-01   1.060625988300000E+00   4.211085680100000E-01  -8.423563295500000E-04  -9.015289223600000E-02
  -1.711847083100000E+00   3.523016840000000E-01   1.060630545900000E+00   4.211088019300000E-01  -8.663070150800000E-04  -9.013489202300000E-02
  -1.713267291500000E+00   3.530742408600000E-01   1.060630320100000E+00   4.211068233300000E-01  -8.906789279200000E-04  -9.011679125900000E-02
  -1.714692403200000E+00   3.538434703900000E-01   1.060631950600000E+00   4.210955082100000E-01  -9.154740308200000E-04  -9.009859013500000E-02
  -1.716122384600000E+00   3.546093679200000E-01   1.060637541100000E+00   4.210921417500000E-01  -9.406953827500000E-04  -9.008028909700000E-02
  -1.717557209900000E+00   3.553719234200000E-01   1.060644971600000E+00   4.210861537000000E-01  -9.663426214100000E-04  -9.006188851600000E-02
  -1.718996859800000E+00   3.561311535600000E-01   1.060652256000000E+00   4.210714899800000E-01  -9.924116774200000E-04  -9.004338869400000E-02
  -1.721890580600000E+00   3.576395662900000E-01   1.060655319300000E+00   4.210678283900000E-01  -1.045852497800000E-03  -9.000609231200001E-02
  -1.724803206100000E+00   3.591344933400000E-01   1.060665440900000E+00   4.210473434200000E-01  -1.101010194600000E-03  -8.996840514700000E-02
  -1.727734692400000E+00   3.606159747700000E-01   1.060673832000000E+00   4.210413011200000E-01  -1.157870541700000E-03  -8.993032885600000E-02
  -1.733653277100000E+00   3.635384210800000E-01   1.060685600300000E+00   4.210125130600000E-01  -1.276482645800000E-03  -8.985302732100001E-02
  -1.739643543200000E+00   3.664061728300000E-01   1.060691825100000E+00   4.209842438100000E-01  -1.401708206200000E-03  -8.977423895400000E-02
  -1.745703436400000E+00   3.692190041800000E-01   1.060708625700000E+00   4.209444897900000E-01  -1.533703536400000E-03  -8.969401059500000E-02
  -1.751832180500000E+00   3.719773583900000E-01   1.060715653200000E+00   4.209163727300000E-01  -1.672425911700000E-03  -8.961237710599999E-02
  -1.764287610600000E+00   3.773302714500000E-01   1.060718879600000E+00   4.208485027700000E-01  -1.968538579900000E-03  -8.944513175400000E-02
  -1.776986838700000E+00   3.824628461200000E-01   1.060707808100000E+00   4.207891126200000E-01  -2.289484247500000E-03  -8.927310416700000E-02
  -1.789920560500000E+00   3.873799287800000E-01   1.060691075200000E+00   4.207105514200000E-01  -2.633202952400000E-03  -8.909678320800000E-02
  -1.816419659900000E+00   3.965773176000000E-01   1.060585743800000E+00   4.205397871900000E-01  -3.384043163900000E-03  -8.873399149500000E-02
  -1.843616747700000E+00   4.049432650500000E-01   1.060409001200000E+00   4.203510302800000E-01  -4.206056461300000E-03  -8.836300868999999E-02
  -1.871391466600000E+00   4.125240474600000E-01   1.060124760900000E+00   4.201366920200000E-01  -5.084959373800000E-03  -8.798986520000000E-02
  -1.899638447000000E+00   4.193719594700000E-01   1.059726508100000E+00   4.198911603700000E-01  -6.006661442800000E-03  -8.762044504800000E-02
  -1.928267815300000E+00   4.255415115000000E-01   1.059198693200000E+00   4.196206464900000E-01  -6.960618311500000E-03  -8.726019374700000E-02
  -1.957204280100000E+00   4.310866300200000E-01   1.058541826900000E+00   4.193115429700000E-01  -7.937528298899999E-03  -8.691394595300000E-02
  -1.986385473000000E+00   4.360588117700000E-01   1.057735525100000E+00   4.189850160600000E-01  -8.927305622900001E-03  -8.658585490700001E-02
  -2.015758946200000E+00   4.405058956000000E-01   1.056778620600000E+00   4.186201017400000E-01  -9.926469453899999E-03  -8.627940681000000E-02
  -2.042592653000000E+00   4.441300911800000E-01   1.055776002300000E+00   4.182681865100000E-01  -1.083627141700000E-02  -8.602200933600000E-02
  -2.067072125900000E+00   4.471052536500000E-01   1.054739252200000E+00   4.179219340500000E-01  -1.166385057800000E-02  -8.580704906900000E-02
  -2.089382090200000E+00   4.495639098900000E-01   1.053689511600000E+00   4.175941632800000E-01  -1.241522740100000E-02  -8.562830522900000E-02
  -2.109700606300000E+00   4.516081443300000E-01   1.052657109800000E+00   4.172825825500000E-01  -1.309560094300000E-02  -8.548018092500000E-02
  -2.128196046400000E+00   4.533173718500000E-01   1.051636996600000E+00   4.169802325400000E-01  -1.371190409300000E-02  -8.535777403500000E-02
  -2.145025711100000E+00   4.547539393200000E-01   1.050645575200000E+00   4.167037755100000E-01  -1.427038425800000E-02  -8.525686404500001E-02
  -2.160335397600000E+00   4.559672029200000E-01   1.049688183800000E+00   4.164365509800000E-01  -1.477645100800000E-02  -8.517385855500000E-02
  -2.174259515100000E+00   4.569965322000000E-01   1.048770603200000E+00   4.161900356000000E-01  -1.523506482000000E-02  -8.510572375100001E-02
  -2.186921548800000E+00   4.578735500900000E-01   1.047896182900000E+00   4.159611180300000E-01  -1.565074339500000E-02  -8.504991161500000E-02
  -2.199585664700000E+00   4.586964088600000E-01   1.046982188800000E+00   4.157243020200000E-01  -1.606516415900000E-02  -8.499999998900000E-02
  -2.200173021900000E+00   4.587332844000000E-01   1.046939254000000E+00   4.157130558100000E-01  -1.608438107300000E-02  -8.499782935700000E-02
  -2.205801976500000E+00   4.590809830700000E-01   1.046519467700000E+00   4.156053835700000E-01  -1.626815533900000E-02  -8.497767829199999E-02
  -2.209554689100000E+00   4.593071010700000E-01   1.046234963200000E+00   4.155329304900000E-01  -1.639054195600000E-02  -8.496490068500000E-02
  -2.212056516600000E+00   4.594553456100000E-01   1.046043458800000E+00   4.154841652600000E-01  -1.647207818100000E-02  -8.495667486400001E-02
  -2.213724405700000E+00   4.595530710200000E-01   1.045914888700000E+00   4.154515057700000E-01  -1.652640042700000E-02  -8.495132126600000E-02
  -2.214836332300000E+00   4.596177323900000E-01   1.045828736800000E+00   4.154297015700000E-01  -1.656258659100000E-02  -8.494781017700000E-02
  -2.215577616600000E+00   4.596606235200000E-01   1.045771120000000E+00   4.154151163500000E-01  -1.658668952300000E-02  -8.494549524000000E-02
  -2.216071805900000E+00   4.596891214500000E-01   1.045732720200000E+00   4.154054047200000E-01  -1.660275175800000E-02  -8.494396341600000E-02
  -2.216401265400000E+00   4.597080774500000E-01   1.045706532200000E+00   4.153989350100000E-01  -1.661345861300000E-02  -8.494294729900000E-02
  -2.216620905000000E+00   4.597206957900000E-01   1.045689996800000E+00   4.153950902200000E-01  -1.662061843000000E-02  -8.494227215500000E-02
  -2.216767331300000E+00   4.597290996900000E-01   1.045678440200000E+00   4.153931055500000E-01  -1.662533124400000E-02  -8.494182306600000E-02
  -2.216864948900000E+00   4.597346984500000E-01   1.045670808200000E+00   4.153911917100000E-01  -1.662850746000000E-02  -8.494152412100001E-02
  -2.216962566400000E+00   4.597402943300000E-01   1.045663173500000E+00   4.153892774900000E-01  -1.663168363000000E-02  -8.494122553500000E-02
  -2.217108992700000E+00   4.597486824700000E-01   1.045651863300000E+00   4.153854652000000E-01  -1.663647998300000E-02  -8.494077832700000E-02
  -2.217328632100000E+00   4.597612520700000E-01   1.045634050200000E+00   4.153806526300000E-01  -1.664360587900000E-02  -8.494010902700000E-02
  -2.217658091100000E+00   4.597800781000000E-01   1.045608749300000E+00   4.153741493100000E-01  -1.665430982000000E-02  -8.493910848000000E-02
  -2.218152279200000E+00   4.598082535600000E-01   1.045569901800000E+00   4.153643986400000E-01  -1.667036152700000E-02  -8.493761531700000E-02
  -2.218893560600000E+00   4.598503734700000E-01   1.045511686500000E+00   4.153497120900000E-01  -1.669444648400000E-02  -8.493539280600000E-02
  -2.220005480300000E+00   4.599132318000000E-01   1.045424034900000E+00   4.153276491200000E-01  -1.673056032200000E-02  -8.493209784100000E-02
  -2.221673353600000E+00   4.600067977900000E-01   1.045291961300000E+00   4.152944815900000E-01  -1.678472076600000E-02  -8.492724276600000E-02
  -2.224175145100000E+00   4.601455301800000E-01   1.045092442800000E+00   4.152445475400000E-01  -1.686591120000000E-02  -8.492015698300000E-02
  -2.227927776600000E+00   4.603500145300000E-01   1.044790112600000E+00   4.151691005100000E-01  -1.698761942600000E-02  -8.490997198899999E-02
  -2.233556550600000E+00   4.606486848700000E-01   1.044329428000000E+00   4.150550284700000E-01  -1.716998609600000E-02  -8.489569552600000E-02
  -2.241999163000000E+00   4.610788170900000E-01   1.043622259600000E+00   4.148816406600000E-01  -1.744306089000000E-02  -8.487654240000000E-02
  -2.251284947700000E+00   4.615276366200000E-01   1.042822318900000E+00   4.146881859500000E-01  -1.774296818300000E-02  -8.485862542900000E-02
  -2.265210731100000E+00   4.621542430900000E-01   1.041574912000000E+00   4.143918618600000E-01  -1.819162535000000E-02  -8.483798558400001E-02
  -2.280523730200000E+00   4.627807736900000E-01   1.040138648300000E+00   4.140565607300000E-01  -1.868365654400000E-02  -8.482400246700000E-02
  -2.297359496800000E+00   4.633966601200000E-01   1.038474468000000E+00   4.136762075300000E-01  -1.922317393500000E-02  -8.481929065799999E-02
  -2.315866028800000E+00   4.639887840300000E-01   1.036541074200000E+00   4.132427490500000E-01  -1.981476582600000E-02  -8.482718417600001E-02
  -2.336204431800000E+00   4.645410989800000E-01   1.034279480700000E+00   4.127418907800000E-01  -2.046352971000000E-02  -8.485193130599999E-02
  -2.358549578100000E+00   4.650342591700000E-01   1.031631106200000E+00   4.121704268700000E-01  -2.117522836700000E-02  -8.489895184100001E-02
  -2.383090555400000E+00   4.654452900200000E-01   1.028489738500000E+00   4.115110785800000E-01  -2.195647708000000E-02  -8.497518518400000E-02
  -2.389641957400000E+00   4.655327851700000E-01   1.027609939400000E+00   4.113254037200000E-01  -2.216506243300000E-02  -8.499999807200000E-02
  -2.419253316500000E+00   4.658165297200000E-01   1.023412464300000E+00   4.104653131800000E-01  -2.310927329700000E-02  -8.513636723300000E-02
  -2.448781916900000E+00   4.659262765000000E-01   1.018802538500000E+00   4.095452044500000E-01  -2.405491591700000E-02  -8.531347550399999E-02
  -2.481147453500000E+00   4.658623850100000E-01   1.013241924600000E+00   4.084561883900000E-01  -2.509981610900000E-02  -8.555797465900000E-02
  -2.516585398800000E+00   4.655909364800000E-01   1.006433648800000E+00   4.071549443600000E-01  -2.626000857200000E-02  -8.589151700100001E-02
  -2.555331458100000E+00   4.650814194700000E-01   9.980085624400000E-01   4.055737838600000E-01  -2.755822086900000E-02  -8.634466452099999E-02
  -2.597608698200000E+00   4.643164958100000E-01   9.874236874900000E-01   4.036282626600000E-01  -2.902950658800000E-02  -8.696287171400000E-02
  -2.639444239400000E+00   4.634096801600000E-01   9.752146399900000E-01   4.014145553800000E-01  -3.057374212000000E-02  -8.773231046600000E-02
  -2.680730352200000E+00   4.624669179000000E-01   9.610003112100000E-01   3.988648423800000E-01  -3.223682545800000E-02  -8.869559250500000E-02
  -2.721326058100000E+00   4.616603819900000E-01   9.442965155300000E-01   3.958691695700000E-01  -3.409937015300000E-02  -8.992637457000000E-02
  -2.761031351800000E+00   4.613229543300000E-01   9.242710960100000E-01   3.922680769100000E-01  -3.631818880400000E-02  -9.156449287200000E-02
  -2.799514700800000E+00   4.622739408400000E-01   8.994608047100000E-01   3.877362870200000E-01  -3.924801439900000E-02  -9.391566535800000E-02
  -2.835892519800000E+00   4.674065628500000E-01   8.664694857600000E-01   3.815264932300000E-01  -4.397955583200000E-02  -9.781077676800000E-02
  -2.851569747200000E+00   4.747375551400000E-01   8.453242388900000E-01   3.773816524700000E-01  -4.807594408900000E-02  -1.008956349600000E-01
  -2.861575866900000E+00   4.872479198300000E-01   8.246157598500000E-01   3.731286245800000E-01  -5.389299655400000E-02  -1.043024436900000E-01
  -2.865593174400000E+00   5.017962373900000E-01   8.092203245400000E-01   3.697519277800000E-01  -6.067369520300000E-02  -1.066802550500000E-01
  -2.866615188100000E+00   5.165623424800000E-01   7.977067965300000E-01   3.669933804400000E-01  -6.836237400200000E-02  -1.076376775100000E-01
  -2.866623842800000E+00   5.182813464000000E-01   7.965226969700000E-01   3.666938611600000E-01  -6.933112846500000E-02  -1.076487367400000E-01
  -2.864971332700000E+00   5.479410678100000E-01   7.782722758300000E-01   3.613989160400000E-01  -8.916732408899999E-02  -1.037185649300000E-01
  -2.863712877700000E+00   5.623754047900000E-01   7.695200919700000E-01   3.583446315800000E-01  -1.013566484400000E-01  -9.814868324800000E-02
  -2.862848645000000E+00   5.755674725500000E-01   7.607483447900000E-01   3.549918275800000E-01  -1.141930846600000E-01  -9.020338308400000E-02
  -2.862739409200000E+00   5.786320357500000E-01   7.585441462100000E-01   3.541137550600000E-01  -1.174188104800000E-01  -8.790399707000000E-02
  -2.862681663100000E+00   5.815958223200000E-01   7.563368709000000E-01   3.532239270800000E-01  -1.206263062500000E-01  -8.550358573899999E-02
  -2.862676464400000E+00   5.821912036000000E-01   7.558838057800000E-01   3.530398650200000E-01  -1.212804335800000E-01  -8.499989939900000E-02
  -2.862672947900000E+00   5.832136691599999E-01   7.551013243400000E-01   3.527189843600000E-01  -1.224131544000000E-01  -8.411786652500000E-02
  -2.862746831800000E+00   5.876878332300000E-01   7.515484277400000E-01   3.512600298500000E-01  -1.274883891000000E-01  -8.000001720900000E-02

